-0.186448 0.169265
0.135971 -0.0821221
0.104121 0.127886
0.165175 -0.00904134
-0.140441 -0.54412
0.158058 -0.207635
-0.197751 0.173678
-0.127599 -0.403761
0.149185 -0.0671926
0.171122 0.00527671
-0.185105 0.173352
-0.112991 -0.419581
0.159573 -0.0825087
0.140438 -0.192855
0.117153 0.131484
-0.169757 0.193359
-0.171388 0.196466
-0.169224 -0.535663
0.158702 -0.171996
0.120833 0.113783
-0.108036 -0.395367
-0.172151 -0.517048
0.172187 0.0199358
-0.188666 0.189328
-0.164371 0.210233
-0.117285 -0.366028
0.172167 0.0350557
0.165412 -0.18437
0.170603 -0.0582656
-0.162237 -0.517882
-0.139094 -0.515935
0.448315 -0.125167
-0.0945805 -0.404586
0.161132 -0.228357
-0.119751 0.177555
0.118783 0.144359
0.446477 -0.121809
-0.124453 0.151232
0.174907 -0.0145457
-0.139457 -0.502153
-0.124596 0.165773
0.163186 -0.222805
-0.165061 -0.499958
-0.131278 -0.372733
0.421639 -0.0838293
0.248147 0.130447
0.236763 0.142152
0.169341 0.0258477
0.221135 0.152922
0.419571 -0.100194
0.159547 -0.201486
0.432709 -0.106892
-0.121424 0.191948
0.437285 -0.102138
-0.116695 -0.51854
0.164801 -0.168568
0.178853 0.0392074
0.442722 -0.0984659
0.434674 -0.118415
-0.0970798 -0.375898
0.154104 0.0453347
-0.129228 0.190143
0.154198 0.066269
0.443815 -0.100617
0.449909 -0.0996665
0.165979 0.0449989
0.437094 -0.088647
0.146288 -0.284184
-0.0894183 -0.351133
0.16 -0.257622
0.134693 0.0821494
0.148661 -0.271534
-0.102661 -0.350132
0.408007 -0.0582206
-0.127194 0.159113
0.1751 -0.060293
-0.133599 -0.340611
0.407871 -0.0842875
0.165388 -0.0692699
0.161305 -0.251378
0.157366 -0.250154
0.394721 -0.0660279
-0.124832 0.151524
-0.105455 -0.121299
0.170459 -0.0328342
-0.122036 -0.328995
-0.131661 0.190905
0.440937 -0.0817955
0.44405 -0.0802987
0.435602 -0.0621406
0.16565 0.0442215
0.44312 -0.066466
-0.0873286 -0.0878255
0.438414 -0.0925866
0.429422 -0.0839532
0.16634 -0.0252339
0.442786 -0.0759489
0.436512 -0.0703235
-0.185491 0.201694
-0.182705 0.241839
0.450733 -0.06553
-0.101522 -0.325812
-0.109264 -0.0916795
0.139529 -0.27057
-0.122463 -0.104761
0.442714 -0.130219
0.151482 0.0920694
0.144224 0.104191
-0.0842422 -0.112909
-0.167617 0.24013
0.435378 -0.120639
0.144402 -0.0438635
-0.145233 -0.321748
-0.15972 0.217914
0.119257 -0.281149
-0.0701176 -0.100589
0.143877 -0.247864
-0.165557 -0.314863
-0.160211 -0.305893
-0.126876 -0.0747332
0.138391 0.115121
-0.152541 0.238989
0.393081 -0.0658828
-0.151249 -0.276478
0.13674 -0.221589
0.228129 0.136332
0.4218 -0.0911023
0.41891 -0.0890823
0.423348 -0.106015
-0.151251 0.24384
0.418001 -0.0898953
0.231366 0.129317
0.127678 -0.0137768
-0.147671 0.262893
0.431716 -0.112773
-0.141101 0.251857
-0.142836 0.243542
0.156215 -0.215388
0.0274202 -0.074749
-0.133252 -0.312578
0.145768 -0.00579792
0.447214 -0.0882932
0.228551 0.129984
-0.142728 0.250833
0.235726 0.121645
0.408715 -0.0804013
-0.0498163 -0.112288
0.230281 0.145515
0.423814 -0.0877082
0.164165 0.0217102
0.419952 -0.0833246
-0.0823531 -0.133091
0.424378 -0.0798852
0.236414 0.127197
0.412676 -0.0703354
0.161083 -0.179393
0.415678 -0.071145
-0.0948937 -0.299107
-0.0387346 -0.127616
0.146648 0.0463726
0.34427 0.00397331
0.322681 0.024732
0.147761 -0.199949
-0.159139 0.245726
0.425297 -0.0620413
0.31802 0.0372977
-0.111093 -0.316306
0.433269 -0.0871514
-0.123226 -0.310157
0.349236 0.0134592
-0.170634 0.24533
0.334477 0.0320501
0.448054 -0.0797447
-0.0127911 -0.12798
0.353363 0.046937
0.15337 -0.172102
0.0216161 -0.121371
0.45979 -0.0643892
0.0136949 -0.119289
-0.150109 0.25517
0.438361 -0.0708761
-0.131686 -0.295055
-0.115043 -0.304298
-0.154698 0.260444
0.351717 -0.00382146
-0.117134 -0.284122
0.328609 0.022352
-0.131561 0.222936
0.447608 -0.123697
0.434359 -0.0964232
0.0354561 -0.172171
0.446084 -0.0919618
0.129289 0.031681
-0.134159 0.218781
-0.099026 -0.281277
0.456975 -0.115295
0.0268986 -0.155448
0.30628 0.0421103
-0.139371 0.238201
0.307763 0.041656
0.44166 -0.0970984
-0.0813554 -0.271735
0.411569 -0.0731692
-0.0730714 -0.354866
-0.134284 0.255887
0.0420843 -0.139942
0.415477 -0.0669821
0.139586 0.0657839
0.0335802 -0.125115
-0.0515884 -0.0770761
0.123396 0.0768217
-0.0563119 -0.347955
-0.137172 0.228483
-0.0781073 -0.33058
0.336941 0.0286514
0.428265 -0.0600045
0.0256855 -0.119383
0.121368 0.0896204
0.128378 0.100406
0.0289986 -0.131237
0.429748 -0.0773563
-0.134825 0.25304
0.024199 -0.166906
0.349886 0.0344296
-0.0640664 -0.319905
0.0148956 -0.164867
0.476216 -0.149789
0.379654 -0.0491808
0.388127 -0.028808
0.113175 0.115588
0.014387 -0.144602
0.0269935 -0.122766
0.372965 -0.0196246
0.490664 -0.165085
0.490542 -0.151554
0.358852 -0.00919163
-0.0543085 -0.309054
-0.0444573 -0.312714
0.12475 0.137059
-0.010107 -0.093482
0.498788 -0.151418
0.0200505 -0.127679
0.37865 -0.0120204
0.497538 -0.169689
0.0205635 -0.118278
0.0270288 -0.110158
0.500695 -0.163741
0.400157 -0.0200754
0.109521 0.13081
-0.126316 0.173645
-0.0706442 -0.293344
-0.0571866 -0.291105
-0.122336 0.153641
0.457987 -0.136672
0.47082 -0.135661
0.480446 -0.13547
0.0265047 -0.180872
-0.0166596 -0.0748781
0.45244 -0.114075
0.477455 -0.118938
0.0263078 -0.161695
0.419555 -0.0437223
-0.0430566 -0.282144
0.459128 -0.138059
0.163959 0.0659034
-0.130028 0.192122
0.436485 -0.0436446
0.422589 -0.0516861
0.478459 -0.138562
0.417875 -0.0402042
-5.05988e-05 -0.0796567
0.0372295 -0.151034
0.43501 -0.0503249
0.0274156 -0.139775
0.483662 -0.132423
0.461172 -0.0597466
0.455704 -0.0663539
-0.121884 0.155482
0.155111 0.097249
-0.115827 0.169746
0.0147555 -0.123668
-0.00957334 -0.104413
0.444532 -0.0595368
0.430935 -0.0494076
0.157056 0.0900745
0.46513 -0.0962794
-0.118069 0.156576
0.470618 -0.103009
0.0151858 -0.103778
0.449271 -0.0572958
0.168986 0.0504794
0.472295 -0.0997673
0.430557 -0.0363443
0.45505 -0.082232
0.464956 -0.0490603
0.00221966 -0.111792
0.480086 -0.0896942
-0.413242 -0.0788819
0.446586 -0.035577
0.00340748 -0.104316
0.480634 -0.0891904
-0.114112 0.200879
0.465612 -0.117748
0.417934 -0.0281249
0.0027929 -0.109785
0.154242 0.085711
-0.404128 -0.110135
0.165695 -0.145569
-0.409129 -0.097904
-0.410749 -0.0946609
0.416215 -0.0182161
0.463989 -0.0692772
-0.397649 -0.0798364
-0.195943 -0.73217
-0.410129 -0.0692199
0.474027 -0.0810478
-0.194542 -0.717165
0.431329 -0.0330175
-0.199761 0.223769
0.47877 -0.0770068
-0.399188 -0.0786569
-0.398526 -0.0868336
-0.16951 -0.731573
0.460573 -0.0812769
0.155368 0.108202
0.165502 -0.122646
0.475761 -0.0794551
-0.407318 -0.0611241
0.368646 0.0205173
0.17124 -0.129552
-0.179243 -0.705695
-0.183053 0.25462
0.458306 -0.0669185
0.363468 -0.003192
-0.387976 -0.0707018
-0.38974 -0.0749709
-0.201597 0.24798
0.472559 -0.0612021
-0.388642 -0.0609992
-0.182522 -0.735388
0.469353 -0.0628128
-0.185227 -0.725334
0.14378 0.111716
0.137974 0.129528
-0.412061 -0.134219
0.14235 0.12176
0.384239 -0.00593099
0.170583 -0.13411
-0.190407 -0.710903
-0.409797 -0.131574
0.462298 -0.149117
-0.154122 -0.730748
0.469452 -0.154832
0.477984 -0.158174
0.400755 -0.00981488
0.47029 -0.147687
0.405054 -0.00872624
0.479992 -0.149166
-0.164329 -0.705355
-0.130541 0.209447
-0.151126 -0.702345
0.461917 -0.146721
0.473315 -0.15372
-0.138305 -0.688227
0.480719 -0.145574
-0.153025 -0.736443
-0.125098 0.234062
-0.14567 -0.730311
0.489316 -0.164166
0.146774 0.152594
0.498967 -0.158058
0.143206 0.110962
-0.130794 0.254872
0.491099 -0.156705
0.372149 0.0287185
0.135745 0.11007
0.371131 0.0416583
-0.402701 -0.111878
0.493213 -0.14675
-0.412112 -0.1046
0.470185 -0.132231
-0.170438 -0.736877
-0.188633 -0.730914
0.171596 -0.0798193
-0.190568 -0.690374
0.141706 0.146668
0.479234 -0.136469
0.46502 -0.122253
-0.136751 -0.731625
-0.144342 -0.736024
0.176329 -0.0575705
-0.178109 -0.733645
0.213394 0.14864
0.396125 -0.0410843
0.222322 0.146534
-0.175651 -0.726718
0.172552 -0.099771
0.215856 0.148628
-0.137489 -0.232764
0.224408 0.14349
0.384363 -0.0462275
-0.124278 0.247307
0.480574 -0.156795
0.385486 -0.0380163
0.477057 -0.149766
-0.150527 -0.21791
0.492722 -0.157546
-0.162363 -0.732721
0.376507 -0.0286386
0.360728 -0.016939
-0.141724 0.264092
-0.105128 -0.25168
0.372912 -0.0288097
0.459169 -0.132624
-0.13973 0.263916
0.398475 -0.0296901
-0.152464 -0.726103
0.385367 -0.0243891
-0.141901 -0.722058
-0.0870235 -0.220629
0.376131 -0.0117189
0.383792 -0.0107372
0.390117 -0.0167339
0.396869 -0.0201757
0.40051 -0.0240938
0.469757 -0.139159
-0.128925 -0.253298
0.478274 -0.13912
0.141992 0.0858487
-0.189698 0.297664
0.463629 -0.12579
0.400275 -0.0344414
0.389833 -0.026884
0.395908 -0.0229807
0.386013 -0.0164531
0.48192 -0.143697
-0.133443 -0.729876
-0.133949 0.262918
0.384146 -0.0559603
0.163804 -0.105533
0.400027 -0.0565106
-0.13472 -0.704803
0.389692 -0.0381017
-0.193917 0.373371
0.141922 0.0848568
0.156249 -0.140839
0.366976 -0.0160941
0.373175 -0.0100493
0.140545 -0.127781
-0.200194 0.321508
0.383573 -0.0217699
-0.183241 0.341573
-0.173697 0.336188
-0.114481 -0.229809
0.393542 -0.0106342
0.40129 -0.0247959
0.404754 -0.0530619
0.408372 -0.0520757
-0.204709 -0.565779
-0.191473 -0.559484
-0.190503 -0.579383
-0.173234 0.363197
0.0775191 -0.730587
-0.203861 -0.557912
-0.192375 -0.547619
-0.197307 -0.549126
0.0678716 -0.70379
0.424911 -0.0443372
0.0769232 -0.697773
0.41279 -0.0556546
0.0723492 -0.732318
-0.201877 -0.567252
-0.194293 -0.590809
-0.161909 0.384624
0.0684056 -0.716911
-0.197918 -0.572294
0.409859 -0.0339933
0.0730839 -0.729142
0.436825 -0.0549429
0.0906106 -0.728146
-0.154573 -0.181947
0.10025 -0.723572
0.441168 -0.0485382
-0.193915 -0.550774
-0.175126 0.263148
0.0934852 -0.695291
-0.187851 0.280551
0.447722 -0.0367813
0.0439472 -0.059678
0.43842 -0.0524416
0.0817518 -0.732933
0.101821 -0.734379
0.0540994 -0.0168341
-0.163867 0.281738
0.144791 -0.0734617
-0.147055 0.271217
0.112922 -0.725424
0.0323364 -0.0234283
0.414745 -0.0333823
0.155463 -0.102653
0.120698 -0.696344
-0.154159 0.290677
0.42938 -0.0259018
0.0872088 -0.730687
0.0681309 -0.0740808
0.078103 -0.047215
-0.137477 0.285709
-0.114137 -0.183024
0.423832 -0.0300906
-0.175614 0.298537
0.405857 -0.0117074
0.087807 -0.729078
-0.0927244 -0.181609
-0.17653 -0.668327
0.11237 -0.735184
0.122076 -0.732598
-0.150958 -0.650725
-0.132736 -0.188174
0.124131 -0.716333
0.114315 -0.735727
-0.138374 -0.654925
0.412979 -0.0403107
0.124949 -0.72448
0.053318 -0.262755
0.0724801 -0.270368
-0.189399 -0.683148
-0.183804 -0.670988
0.0681492 -0.724998
0.0747121 -0.730561
-0.13476 0.271232
0.0648678 -0.701947
0.427051 -0.0446424
-0.169954 -0.263819
0.0404861 -0.238076
0.0724631 -0.712447
-0.155805 -0.267311
0.0767337 -0.728781
-0.165094 -0.270305
-0.158324 -0.673462
-0.138727 0.317886
-0.162916 -0.241978
-0.144339 -0.675963
-0.114907 0.327186
0.0551276 -0.218975
-0.124743 0.28308
0.0878241 -0.723443
0.365993 -0.00170037
0.0815806 -0.240837
0.100544 -0.732455
0.36613 0.00898227
-0.171745 -0.248646
0.369248 0.0170574
0.363417 0.01199
-0.115183 0.268587
0.116334 -0.0527273
-0.173798 -0.220845
-0.177113 -0.225714
0.118474 -0.732615
-0.103566 0.285262
0.368985 0.0162841
0.121939 -0.705974
0.377193 -0.00562545
-0.194166 -0.6506
0.0906245 -0.261126
0.378425 0.00332511
0.383297 -0.00477254
0.108698 -0.725941
-0.117692 0.30249
0.111731 -0.702821
0.109738 -0.280469
0.0958441 -0.0191411
0.090774 -0.730798
-0.162663 -0.289382
0.377636 0.00363806
-0.0969846 0.305343
-0.16306 -0.257027
0.0823152 -0.725102
0.125574 -0.240069
0.378152 0.0245066
-0.135658 -0.700788
-0.0996351 0.317087
0.349967 0.0338372
0.100459 -0.723928
0.356865 0.030859
0.35556 0.0218023
0.110084 -0.268688
0.36309 0.0256777
0.0912305 -0.703644
-0.124235 -0.668491
-0.160932 0.335181
-0.129262 -0.666288
0.355874 0.0352027
0.105201 -0.239177
0.104801 -0.723239
-0.17004 -0.22995
0.363422 0.0251219
-0.16349 -0.203108
0.375732 0.0349369
-0.125839 -0.652492
-0.158666 -0.215852
-0.14771 0.349026
0.0426305 0.0155761
0.353252 0.00705213
0.362567 -0.000272898
-0.129831 0.352375
0.376711 0.0103258
0.0732792 0.013749
0.0665068 -0.673663
-0.179771 -0.638807
0.3589 0.0142074
-0.165764 -0.184808
-0.165543 -0.189826
-0.112299 0.34963
0.0619384 -0.644014
0.0444474 -0.189463
-0.147958 -0.621683
0.0618374 -0.678165
-0.174099 -0.208778
0.0744109 -0.198761
-0.179308 -0.189252
0.0766129 0.0541122
-0.187357 -0.616066
0.361163 0.0463552
-0.165057 -0.610119
-0.181819 -0.191433
0.109011 0.0167341
0.0654987 -0.664926
-0.164806 -0.176364
-0.110017 0.372113
-0.096397 0.355807
0.0604132 -0.646162
-0.0802904 0.359416
0.0676124 -0.173754
-0.156156 -0.172892
0.285471 0.0989681
-0.190349 -0.629791
0.294872 0.0764479
0.288051 0.0692756
-0.0976669 0.34021
0.272679 0.0960204
0.110859 -0.682155
-0.0810167 0.333827
-0.0767958 -0.256476
0.101 -0.213076
0.113288 -0.217894
0.318189 0.0488156
-0.0612924 -0.268035
-0.195095 -0.616104
0.301609 0.0532717
0.129025 -0.205154
0.0978187 -0.666828
0.102808 0.0563613
-0.131182 -0.627275
0.0946007 -0.643979
0.106483 -0.173979
0.343622 0.0643855
0.130617 -0.173058
-0.032038 -0.240351
0.122986 -0.663859
0.302933 0.0786907
-0.0632167 0.333625
0.121032 -0.636019
-0.118508 -0.601409
-0.0594851 -0.22878
0.0164302 0.0311725
0.13152 -0.649221
-0.0420562 -0.243125
-0.118717 -0.620381
0.336436 0.0854793
0.0931935 -0.170834
-0.0434351 -0.225249
0.128525 -0.690345
-0.115885 -0.636433
-0.0573195 0.362311
0.331768 0.113756
-0.0312335 -0.219178
-0.0397975 0.36428
0.0529472 0.052218
-0.106055 -0.600933
0.259696 0.113502
-0.074235 -0.204915
0.07478 -0.659467
0.267146 0.119
-0.0556523 -0.209334
0.285973 0.128029
0.0673387 -0.638
-0.0616875 -0.181162
0.0584053 -0.625422
-0.194142 -0.687236
0.081072 -0.618626
0.0639819 -0.135202
0.255622 0.145456
0.0531875 -0.601032
-0.0320345 -0.193146
0.0732172 0.0930022
0.0219063 0.356738
0.319055 0.0986718
0.301842 0.132002
-0.178642 -0.669893
0.028347 -0.09994
-0.16964 -0.672421
0.0534407 -0.131782
0.0597884 -0.628737
-0.109005 0.144056
0.319414 0.127573
-0.0325426 -0.163753
-0.090575 0.16161
0.102471 0.081246
-0.105956 0.170877
0.0552597 -0.605145
0.0861943 -0.115529
-0.0717759 0.155077
-0.0227709 -0.194019
-0.148327 -0.675038
-0.140749 -0.67133
-0.0954436 0.183383
0.305544 0.142328
-0.105308 0.18616
0.314466 0.143881
-0.0436468 -0.271377
-0.151035 -0.661006
0.127332 -0.614969
-0.0943863 0.202316
0.0881142 0.0727059
0.291705 0.0578606
-0.131973 -0.709454
-0.0843538 0.208728
0.116542 -0.138466
0.27431 0.0818833
-0.0329231 -0.256223
-0.110235 0.226315
0.26271 0.101658
0.068312 -0.700721
-0.0395707 -0.276211
0.128979 -0.140162
0.0261707 0.118484
-0.126649 -0.67633
0.0400318 0.123487
-0.118848 -0.644284
0.280107 0.0838212
0.0522813 0.108568
-0.0350669 -0.226076
0.0706794 0.116192
0.0667292 0.134609
0.0763439 -0.685033
-0.111082 0.24592
0.0456853 -0.0967313
-0.133407 -0.65586
0.00924349 0.136287
0.0469833 0.152176
0.128178 -0.68327
-0.0299401 -0.223846
-0.083754 0.22695
0.0680406 -0.095793
0.34093 0.0972536
-0.187429 -0.630132
0.0587835 0.149286
0.325066 0.117735
-0.0929831 0.246077
0.121546 -0.675255
-0.193569 -0.643771
0.0184446 -0.0868026
-0.19132 -0.591949
0.0383403 -0.0871158
0.130038 -0.646807
0.295846 0.0696786
0.0285277 -0.0824103
0.322855 0.0419053
0.0105325 -0.0774602
0.0441961 -0.0806434
0.0507218 -0.0903758
0.325376 0.0600006
0.294096 0.0847981
0.108626 -0.664564
-0.026406 -0.211614
0.338161 0.0635194
0.092417 0.129193
-0.171786 -0.618895
-0.0115476 -0.195111
0.10105 -0.702235
0.083023 -0.670252
0.0966474 -0.68804
0.101835 -0.695221
0.110817 0.145583
-0.0564167 0.149241
-0.150113 -0.622592
-0.0711249 0.18984
0.100418 -0.698329
-0.00780028 -0.176786
0.0084567 -0.168474
0.0161632 -0.178795
0.34357 0.0727023
-0.0237636 0.167683
-0.182387 -0.591511
-0.0159348 -0.199041
0.102576 -0.665643
0.319831 0.0874999
0.103728 -0.668197
-0.164975 -0.592335
0.131224 -0.0923702
0.0983231 -0.67238
0.243892 0.120491
0.0370312 0.0719821
-0.00476209 -0.169949
0.0949549 -0.0770197
-0.00892435 -0.162944
-0.0243589 0.209276
0.112314 -0.089024
0.0721376 -0.633953
0.120888 -0.0711921
0.251567 0.115585
-0.120639 -0.628312
0.0170972 0.0902928
-0.132283 -0.145972
-0.108728 -0.610328
0.0588139 0.0899451
0.253868 0.119317
-0.155314 -0.107019
0.0666857 -0.599236
0.00856121 0.162332
-0.153818 -0.140076
0.270176 0.108652
-0.130971 -0.615637
0.28378 0.122431
0.0194196 0.104259
-0.163562 -0.15006
-0.17018 -0.141959
0.258778 0.131739
0.243883 0.142565
-0.171976 -0.118528
-0.117377 -0.599363
0.0473987 0.209193
0.108529 -0.62644
0.122582 -0.614044
-0.171447 -0.590949
0.278171 0.15169
0.267822 0.147227
-0.17152 -0.564908
-0.0817946 -0.0340039
0.114502 -0.590168
-0.103625 -0.137706
-0.0966458 -0.0279812
-0.143345 -0.593065
-0.047761 0.201394
0.0992952 -0.641604
0.320825 0.135274
-0.137905 -0.572076
0.12065 0.163736
-0.0891205 -0.145047
-0.182872 -0.553337
0.104993 -0.645556
0.107202 -0.63891
0.118562 0.17273
-0.115689 -0.0505609
-0.0495536 0.23307
0.297655 0.156954
-0.128809 -0.121924
0.0833935 -0.602421
0.129466 0.157696
-0.0673031 0.253813
0.30373 0.110034
0.121535 0.176504
0.100544 -0.600535
0.110019 -0.605656
-0.123475 -0.011985
-0.0362416 0.246031
0.108825 -0.603769
-0.132134 -0.586222
-0.0394178 0.261597
0.291765 0.132455
0.127013 0.199975
-0.15287 -0.0729154
0.131658 -0.658251
-0.108901 -0.577791
-0.143596 -0.0823891
-0.126161 0.0379884
0.011858 0.232565
-0.144137 -0.0592163
-0.123219 -0.555058
0.349349 0.0720756
0.132703 -0.627044
-0.090159 0.0226224
0.136314 -0.611813
0.13821 0.234348
-0.109789 -0.553746
-0.172938 -0.0992706
0.13373 -0.601748
0.122704 0.254939
0.347197 0.0843731
0.136266 0.167995
0.0129264 0.246591
0.356241 0.0657395
0.136377 0.184503
-0.120704 0.0144137
0.136441 -0.61089
-0.0989569 -0.568673
0.133756 -0.619557
-0.0987713 -0.554881
0.137422 0.176459
0.143717 0.161246
-0.0981205 -0.548358
0.143695 0.214822
0.037103 0.165772
-0.185536 -0.520064
0.143534 -0.601776
0.0294627 0.177202
0.134141 0.191767
0.0621603 -0.602188
0.0396252 0.150483
0.0530034 -0.574375
0.211028 0.157699
-0.100236 0.266653
0.194293 0.179555
-0.0765314 0.298953
0.221633 0.152693
0.214464 0.180846
-0.180062 -0.500722
0.0576068 0.169447
0.0118759 -0.0212385
0.0503735 -0.589028
0.220874 0.176455
-0.187326 -0.497707
0.0485375 -0.563371
0.226115 0.170751
-0.172727 -0.114577
-0.0108221 -0.0425858
0.0502509 -0.543322
-0.0189031 -0.0120085
0.0498828 0.208567
-0.18941 -0.519014
0.0370917 0.221169
0.200612 0.177616
0.0494041 -0.549822
0.180445 0.200506
-0.155206 -0.125566
0.186824 0.204129
0.0651084 0.193515
-0.18829 -0.49658
0.213125 0.199715
-0.167288 -0.13157
0.20855 0.194931
0.0530341 -0.578614
-0.0475785 0.326751
-0.0550211 0.288767
-0.18733 -0.487051
0.0556879 -0.578219
-0.177442 -0.10978
0.138428 0.217588
-0.177741 -0.0881587
-0.102734 -0.533272
0.0498378 -0.55522
-0.0387266 0.312185
0.0814372 0.21531
0.144293 0.213173
-0.0928955 -0.534565
0.0928634 0.250437
0.149429 0.240838
0.184885 0.234607
0.0539868 -0.516858
0.0145001 0.0323003
0.0492768 -0.522441
-0.171582 -0.0554217
-0.101533 -0.516857
0.112327 0.235739
-0.0927793 -0.472726
-0.174914 -0.0853259
0.145656 0.254628
0.0473334 -0.489181
0.181564 0.242711
0.11711 0.260731
-0.166325 -0.0819051
-0.0187655 0.297567
-0.0918447 -0.512714
-0.16503 -0.0473132
0.0496151 -0.51049
-0.0869149 -0.48861
0.148746 0.243049
0.0634959 0.152499
0.0753361 0.162816
0.0810797 0.154348
0.0421271 0.348274
-0.0719768 -0.1454
0.0147589 0.286827
-0.189231 -0.574326
0.205408 0.220781
-0.039872 -0.14811
-0.0552672 -0.0209443
0.199192 0.199684
0.206825 0.222686
-0.189989 -0.563758
0.090878 0.173129
-0.0588091 -0.133987
0.0616902 -0.576911
0.209452 0.225275
-0.1789 -0.554283
0.105676 0.159394
-0.0445505 -0.138894
0.190037 0.233903
0.201285 0.24092
0.0629119 -0.557324
0.104501 0.20742
0.105645 0.186027
0.137293 0.173478
-0.131616 -0.566773
0.0825702 -0.563754
-0.187328 -0.566983
0.0664231 -0.515573
-0.0246464 -0.135249
0.131139 0.207016
-0.160592 -0.558034
-0.0202159 0.337614
0.108235 -0.574598
0.00138968 -0.116712
-0.127599 -0.54038
0.128197 -0.578526
-0.0212323 0.0508469
0.129152 0.195578
-0.0203844 -0.14566
0.114152 -0.549022
-0.103085 -0.577472
0.127864 -0.529784
-0.196831 0.377443
0.141144 0.252756
0.106484 -0.585266
-0.015106 -0.127995
-0.101685 0.0732499
-0.0771452 0.0670141
0.114852 -0.584265
-0.18561 0.389889
0.12239 0.216582
-0.13154 -0.595753
0.130545 0.23507
-0.188323 0.385711
0.0137428 -0.12853
-0.111757 -0.573448
-0.0935953 0.102974
0.0936601 -0.550748
-0.174943 0.402299
-0.125038 0.0720708
0.111493 -0.56551
0.109843 -0.550207
-0.157964 0.411679
0.11138 -0.540136
-0.110461 -0.546344
-0.158342 0.413906
0.0126173 -0.118763
0.195207 0.174892
-0.0113636 -0.158143
0.216669 0.176838
-0.00116356 -0.16268
0.138077 0.367808
0.249239 0.163472
0.11162 0.365742
0.058812 -0.511768
0.131936 0.348707
-0.115729 0.106941
-0.135197 0.08458
0.00110591 -0.150412
-0.184534 -0.531458
0.202344 0.20315
0.218455 0.191596
0.0049468 -0.166272
0.0502316 -0.488352
0.186516 0.195455
-0.150738 0.391604
0.116674 0.296281
-0.0815915 0.152299
0.00642689 -0.131415
-0.0045931 -0.131075
-0.131968 0.381964
-0.110473 0.115103
0.220079 0.21229
0.0790548 -0.51034
-0.150553 0.405247
0.248021 0.187828
-0.167715 -0.524117
-0.0945192 0.123132
0.235234 0.207202
-0.136405 0.407568
0.120081 0.278985
-0.146392 0.418372
0.0630569 -0.489942
0.00112911 -0.147218
0.174042 0.215431
0.0849337 0.318015
0.0972563 0.292065
0.183026 0.232896
-0.122635 0.130521
-0.136535 0.419015
0.170632 0.234239
0.00732967 -0.145186
-0.103528 0.41741
-0.101481 0.139187
-0.153084 -0.517353
0.00201804 -0.128979
0.113877 -0.511035
-0.0967532 0.156162
-0.171269 -0.494499
-0.1095 0.39207
-0.116207 0.146964
0.128723 -0.501608
-0.00221636 -0.125302
-0.127876 0.405656
0.117813 -0.49237
0.00442276 -0.108147
0.0761066 0.366559
-0.12156 -0.503317
-0.156843 -0.465246
0.10626 -0.530956
0.0127178 0.0709599
-0.00273193 -0.107838
0.104511 -0.509243
0.00501209 -0.0936055
0.218449 0.242067
0.106032 -0.524641
-0.00528783 0.0793139
-0.0963666 0.409815
0.0768686 0.298803
0.187994 0.252927
-0.139668 0.419592
0.201911 0.264635
-0.0914522 -0.512039
-0.147796 0.422847
0.0921631 -0.493212
-0.125495 0.424178
0.0258679 0.0865363
0.00635641 0.0893851
-0.00608009 0.0976785
0.114116 -0.517664
0.0699633 0.352049
-0.0968875 -0.492898
0.228415 0.256959
-0.154912 -0.245486
-0.0938271 0.435129
0.113862 -0.491172
0.181985 0.19334
-0.0105745 0.116872
0.0199146 0.122794
0.178598 0.210838
0.00761247 0.104758
-0.068742 0.455492
0.100988 0.321546
0.131422 -0.5829
0.182906 0.19877
0.209399 0.154832
0.199677 0.169619
-0.0133563 0.14144
-0.0995161 -0.518535
-0.131585 -0.239644
0.218026 0.147547
0.13683 -0.570319
0.0224005 0.14147
0.0169348 0.146899
-0.108903 -0.249643
-0.0862996 0.375893
0.138706 -0.547226
-0.106815 -0.506651
0.195272 0.189051
0.137786 -0.586323
0.208655 0.167859
-0.0522037 0.0773218
0.230822 0.16562
-0.0781272 0.4189
0.147342 0.263778
-0.118482 -0.205007
-0.0569966 0.0956244
0.153901 0.26978
0.135222 -0.5325
0.146337 0.267146
0.211612 0.182677
0.150931 0.276029
0.136019 -0.522824
-0.05517 0.443915
0.139282 -0.518626
0.168538 0.271183
-0.0412021 0.0865542
0.188173 0.206043
-0.0339421 0.0760713
0.166458 0.280297
0.200653 0.195683
0.194053 0.181667
-0.16865 -0.191488
0.184346 0.274268
-0.462467 -0.110215
0.201652 0.186811
-0.156346 -0.215061
0.130067 -0.502537
-0.0419084 0.438034
0.134194 -0.493147
0.201834 0.216938
0.173229 0.291072
-0.0604955 0.458356
-0.436329 -0.0913349
0.216151 0.190194
-0.439399 -0.107557
0.170388 0.319691
-0.0214029 0.0874269
-0.450476 -0.119036
0.237313 0.20034
0.163579 0.291687
-0.443176 -0.11585
0.22261 0.206769
-0.434588 -0.106016
-0.458552 -0.100558
-0.447664 -0.0948108
-0.453882 -0.0909146
0.139883 -0.520029
-0.0470482 0.464517
-0.143765 -0.189069
-0.0599926 0.131469
-0.415403 -0.0792516
-0.145788 -0.172084
0.170131 0.214289
0.136071 -0.500417
0.168614 0.235661
0.142855 0.274091
-0.438019 -0.0756756
-0.137838 -0.207981
-0.441157 -0.0796821
0.164739 0.220394
-0.13413 -0.189933
-0.0352316 0.10134
0.152306 0.291825
0.152006 0.251307
-0.423597 -0.0760736
0.134117 -0.586775
-0.0315039 0.44197
-0.426848 -0.0669096
-0.0304111 0.425874
0.13355 0.258174
-0.417353 -0.065625
-0.067185 0.150809
0.156918 0.253132
-0.426541 -0.0616163
0.199938 0.285837
-0.124907 -0.195572
-0.0418392 0.491726
-0.0235046 0.476244
0.154049 0.240662
-0.105869 -0.190111
-0.0225446 0.138563
-0.0185368 0.440907
-0.0488295 0.145921
-0.476231 -0.142814
-0.47099 -0.153068
0.15939 0.215431
0.158591 0.319995
-0.471603 -0.134217
0.167267 0.203892
-0.134039 -0.173234
-0.464395 -0.120781
0.159787 0.210956
0.00853916 0.428656
-0.478068 -0.144514
0.0236431 0.435607
-0.461744 -0.136424
0.00865912 0.446223
-0.471652 -0.122662
-0.121779 -0.175172
0.158363 0.353709
0.165532 0.244906
-0.47742 -0.154409
0.0569907 -0.483568
-0.469726 -0.157503
-0.462739 -0.146366
0.134722 0.246053
-0.472279 -0.143217
-0.00343873 0.452548
-0.462229 -0.14109
0.0561982 -0.454236
0.166485 0.354903
-0.474368 -0.154947
-0.466461 -0.166833
0.153157 0.245585
0.144811 0.261867
0.166496 0.372867
0.0472149 -0.466568
0.143653 0.247791
-0.00320633 0.478605
-0.468567 -0.118636
0.0465192 -0.447324
0.0215976 0.45667
-0.465209 -0.112264
0.151975 0.341359
0.165251 0.25568
0.177362 0.258467
-0.460024 -0.132857
-0.0345281 -0.253711
0.122373 0.332079
-0.192389 0.258537
0.0611432 -0.426275
-0.0502448 -0.250641
-0.454338 -0.132714
-0.447065 -0.123941
-0.0670972 0.379771
-0.198575 0.27883
0.24009 0.251739
-0.45446 -0.122065
0.0468828 -0.48715
-0.0277881 0.390976
-0.452883 -0.161794
0.194579 0.220089
-0.204425 0.312703
-0.042921 -0.224589
-0.0730397 0.395594
0.215753 0.246043
-0.0530421 0.418878
-0.0573145 -0.227007
0.143639 0.292126
0.0462864 -0.459993
-0.440343 -0.137977
-0.199906 0.324597
0.130533 0.279498
-0.442745 -0.119063
-0.198425 0.357273
-0.0644497 -0.251066
-0.0203653 0.415846
-0.424448 -0.149127
0.241643 0.225659
-0.45152 -0.11767
0.120597 -0.445995
0.19025 0.242669
-0.0865445 0.230877
-0.0775436 -0.217069
-0.434633 -0.121123
0.126753 -0.439522
-0.0898649 0.167244
0.0442394 -0.431043
-0.41822 -0.130648
-0.0840326 0.204141
0.0355651 -0.426664
0.233836 0.254005
-0.467315 -0.114582
-0.462351 -0.0904947
-0.479011 -0.103975
-0.477328 -0.107408
-0.108888 0.158765
0.0562895 0.178944
0.0193694 0.393656
-0.463072 -0.0820683
0.10351 0.271104
-0.123894 0.205233
0.0482232 -0.395958
-0.100665 0.181551
-0.0944839 0.189423
-0.0365316 -0.200567
0.0361452 -0.38971
-0.00101752 0.392532
-0.460323 -0.1006
0.0250212 -0.391878
-0.477939 -0.0993854
-0.00294271 0.415167
-0.0306596 -0.179351
0.127296 0.272076
-0.470053 -0.0909735
0.0680637 -0.399376
0.123334 0.291945
0.108322 0.302515
0.0218806 0.4111
-0.460252 -0.0817494
-0.0741326 -0.18696
0.0570947 -0.376133
0.00843064 0.410242
-0.0540613 -0.195566
-0.441799 -0.106227
-0.171294 0.257376
0.0306143 -0.416716
0.160935 0.268033
0.154105 0.288418
-0.435259 -0.10946
0.0357461 -0.424581
0.14371 0.273989
0.0770957 0.206585
0.143865 0.267238
-0.424266 -0.0900155
-0.103755 0.210886
0.13375 0.275245
-0.426973 -0.0973004
-0.118166 0.224196
-0.449428 -0.0684582
0.02285 -0.38464
0.0939039 0.175867
-0.062508 -0.176409
-0.451769 -0.0644187
-0.123009 0.259439
0.089852 0.197807
0.141379 0.305149
-0.0199453 -0.194138
0.105895 -0.39675
-0.1007 0.251959
-0.419087 -0.0809355
0.124732 -0.409989
-0.0100017 0.431063
-0.418522 -0.0644825
0.178518 0.302011
-0.418469 -0.0650225
0.103938 0.199864
-0.448841 -0.0952373
0.198585 0.293021
0.127644 -0.389227
0.132076 -0.402449
0.0191139 0.480297
-0.130815 0.23733
-0.429819 -0.0983167
-0.0478098 0.48676
-0.417856 -0.0968663
0.212868 0.285912
0.219342 0.284405
-0.0480039 0.504685
0.0512844 -0.460878
-0.0457106 0.166255
-0.0471888 0.510814
0.0655146 -0.467651
-0.0485258 0.178446
0.2138 0.314487
-0.136173 -0.129428
-0.0185297 0.189916
0.170938 0.378179
-0.0254486 0.193801
-0.457011 -0.0747738
0.185528 0.35934
-0.438611 -0.0668995
0.0550292 -0.429774
-0.04685 0.529035
0.202517 0.318204
0.174146 0.327184
-0.0145561 0.154023
-0.0362681 0.519444
-0.417785 -0.0784592
0.047592 0.244178
-0.0328883 0.509434
-0.122182 -0.11646
0.214095 0.335152
-0.107029 -0.154104
0.21765 0.330357
0.0116471 0.158236
-0.465745 -0.161721
-0.461028 -0.169504
0.227035 0.336139
-0.461777 -0.154588
0.0697616 -0.428748
0.0794905 0.260629
0.124089 -0.46554
-0.0142844 0.488054
-0.00788363 0.214102
0.199791 0.374432
-0.0211612 0.498409
-0.436571 -0.159047
0.211385 0.368233
0.103063 -0.467149
0.227149 0.343517
0.0917313 0.233057
-0.43905 -0.169136
-0.0252725 0.511514
-0.454825 -0.166618
0.117848 0.230745
-0.439061 -0.170006
0.134212 0.268643
0.128326 -0.445872
0.1428 0.265271
0.118467 -0.434105
-0.0585374 0.538523
-0.0405606 0.215548
-0.0761239 -0.140121
-0.0741116 0.557669
-0.432615 -0.145446
-0.442277 -0.158687
-0.0973425 -0.109142
-0.0543745 0.544262
0.148507 0.263032
0.105978 -0.43667
-0.0607639 0.227312
0.094963 -0.464624
-0.427052 -0.154932
-0.41794 -0.140878
0.148844 0.265995
0.160772 0.261642
-0.0474727 0.265342
-0.071326 0.555048
-0.148036 -0.0725753
-0.0346653 0.249766
0.169596 0.268863
-0.0825115 0.579042
-0.0690392 0.577133
0.106533 -0.47116
-0.418224 -0.128258
-0.058682 0.562581
0.097416 0.247676
-0.0224701 0.230843
0.226057 0.274824
0.10166 -0.444869
-0.0254314 0.217098
0.102843 -0.467363
0.0892867 -0.433492
-0.00984407 0.24673
0.223317 0.276424
-0.0498836 0.534176
0.217426 0.295413
0.0296503 -0.403759
-0.0593171 0.163371
-0.0764114 0.170251
0.0606264 0.300193
0.21002 0.300398
-0.117262 -0.0880128
-0.171897 -0.478873
0.203357 0.27183
0.0199101 -0.381581
-0.0346674 0.525547
0.211904 0.281611
-0.180041 -0.462556
0.0361507 -0.400565
-0.0635758 0.184703
0.0221883 -0.385049
-0.0701853 0.190822
-0.00602743 0.492877
-0.149237 -0.459517
0.210014 0.322903
-0.0392507 0.204459
0.191536 0.310104
0.00964514 0.497495
-0.185588 -0.446075
-0.164269 -0.442468
-0.0825518 -0.0622168
-0.0176451 0.511682
0.070098 -0.399207
-0.00432368 0.503791
0.0562922 -0.387111
0.0256251 0.508182
-0.183016 -0.46753
0.103966 0.267995
0.199891 0.335475
0.210427 0.337265
0.211812 0.336343
-0.00671403 0.527574
-0.179214 -0.466068
0.227015 0.336327
0.000355113 0.521288
-0.0293455 -0.14901
-0.0796735 0.267781
-0.179601 -0.442562
-0.0957129 0.291476
-0.0507929 -0.122702
0.0133057 0.520339
0.209606 0.365346
0.126169 -0.411198
0.196811 0.367471
-0.11013 0.285224
-0.175639 -0.443512
-0.0655152 -0.110561
-0.11166 0.293692
-0.111931 -0.485167
0.233346 0.344985
-0.126511 0.302584
0.115713 -0.383691
-0.131173 -0.474498
-0.0878652 0.300069
-0.0489983 0.545
0.225862 0.342946
-0.0338349 0.53685
0.0924614 -0.417132
-0.104962 -0.465976
0.102794 -0.419265
-0.0366241 0.563948
-0.0451496 0.586631
-0.111146 0.314087
0.085688 0.381438
0.0597869 0.40791
-0.119142 0.342692
-0.12171 -0.429913
0.0991061 -0.393368
-0.132683 0.321625
0.10869 -0.398083
-0.0145326 -0.131693
-0.133264 0.350966
0.114103 0.383187
-0.0258696 0.573067
0.263346 0.164211
0.127138 0.391986
-0.093105 -0.42186
0.106094 0.405468
0.130281 -0.470265
-0.0854161 -0.440536
-0.109249 0.355185
0.278362 0.164713
-0.113769 0.379433
0.292402 0.163662
0.0886058 0.428695
0.116534 0.4125
0.134179 0.409143
-0.00620541 0.558168
0.105328 0.429292
0.13789 -0.477741
-0.171604 -0.433368
0.130797 -0.455343
0.00750055 0.550084
-0.0654891 -0.0847915
-0.153567 0.302787
-0.140991 0.300513
-0.133806 -0.404315
0.2638 0.191501
-0.147191 -0.401364
-0.181435 0.277449
-0.162447 0.290361
-0.032436 -0.0879218
-0.00494187 0.589423
0.0099217 0.575898
-0.0571112 -0.0649328
0.300265 0.161611
0.0947851 0.398122
0.0240199 0.577307
0.130775 -0.464664
-0.16699 -0.410683
0.24384 0.228737
-0.170513 -0.421136
0.132589 -0.4103
0.00716311 0.532004
-0.0215338 -0.0645826
-0.163472 0.311295
-0.0134882 -0.0998446
0.0636204 0.44577
0.0215588 0.532966
-0.181191 0.298668
0.0465605 0.441595
0.025383 0.565903
-0.160166 -0.386407
0.279845 0.179704
-0.000612736 -0.0917683
0.0514422 0.453665
0.132385 -0.396893
0.271825 0.191989
0.051597 0.464469
-0.139215 0.274659
-0.0187884 -0.0805595
-0.0822813 0.59211
0.265374 0.205465
0.0505951 0.492228
-0.114802 -0.401033
0.052329 0.434058
0.142611 -0.480794
0.241538 0.174083
-0.066208 0.592608
-0.0792329 0.623183
-0.0691919 0.611379
0.0323337 0.419774
0.0750177 0.429997
0.26608 0.165129
0.013828 -0.0564948
-0.151006 0.322847
0.0462162 -0.362131
0.0398841 0.451964
-0.126419 -0.370439
0.0385038 0.485399
-0.0527239 0.58045
-0.162798 0.340484
0.0299516 -0.369481
0.255955 0.188091
-0.0532659 0.60383
-0.161213 0.374656
-0.149919 0.363216
-0.0787012 -0.373764
0.102513 -0.60833
0.0942236 -0.608588
-0.062999 0.648234
-0.180158 0.337143
0.0429378 -0.337549
0.0920466 -0.631067
-0.0813652 0.652833
-0.0729462 0.647253
0.0880655 -0.347857
-0.183356 0.359073
0.243414 0.247383
0.0416024 0.398389
0.0603409 -0.32405
0.104178 -0.62424
-0.168721 -0.444148
-0.170189 -0.472874
-0.0715661 0.67256
0.120199 -0.607256
0.0266412 -0.359416
-0.0606244 0.681147
-0.0320366 0.286223
-0.140986 -0.479019
0.067588 -0.571785
0.0333057 -0.340466
-0.1693 -0.450973
-0.0050601 0.262137
0.255492 0.215864
-0.133522 0.392264
0.092755 -0.388398
0.0740736 -0.54295
-0.050082 0.665574
0.124863 -0.371696
-0.151454 -0.451803
0.110733 -0.354958
-0.134268 -0.436622
-0.0854833 -0.48351
0.0886799 -0.582835
-0.0440604 0.691207
-0.0888641 -0.47484
0.10459 -0.574692
0.106419 -0.330279
0.152298 0.391582
-0.0298726 0.687024
0.459209 -0.0507555
-0.115308 -0.471659
-0.112985 0.402783
-0.0849763 0.416247
0.153876 0.405627
0.0522277 0.434132
0.116811 -0.599058
-0.095444 -0.471582
-0.0328701 0.60456
0.132676 -0.595677
0.11686 -0.580409
-0.0542578 0.635719
-0.0986333 0.427217
0.12697 -0.581271
0.0382153 0.449496
-0.120566 -0.451312
0.0494625 0.481362
0.0341254 0.458364
-0.0798673 0.440423
0.0526158 -0.305966
-0.0440041 0.622595
0.0616712 0.464192
0.0887982 -0.31752
0.0540813 0.523381
-0.109736 -0.440533
-0.149218 0.397296
0.0422199 0.473501
0.0691221 -0.28147
-0.0840343 -0.436928
0.129697 -0.547069
-0.0938708 -0.445976
0.113334 -0.54606
0.0442115 0.52081
-0.164211 0.402543
0.0521729 0.521498
-0.0221319 0.598395
-0.140942 0.413439
0.0828747 0.43532
0.0797459 -0.530516
0.109659 0.425269
0.0603824 -0.535027
-0.163828 -0.426793
-0.177831 0.386092
0.0474674 -0.269871
0.085771 0.446781
0.0397361 -0.314748
0.0376256 0.494549
0.0267523 0.489538
0.0831046 -0.487812
-0.166454 -0.394824
0.0676831 -0.503734
0.114026 0.431555
0.147544 0.411114
0.039266 -0.290671
0.00617984 0.592275
-0.157783 -0.39151
0.0167676 0.602553
0.0402292 -0.293294
-0.0290934 0.623423
0.0414594 0.505194
-0.00713198 0.611675
-0.153286 -0.436835
0.0484719 0.51832
-0.00316088 0.643919
-0.136424 -0.399912
0.00862043 0.622966
0.0601965 0.53782
0.0220479 0.61907
0.0527498 0.533417
0.127308 -0.52129
0.017089 0.627649
0.0705293 0.548984
0.065782 0.555791
0.0663851 0.536255
0.0791396 0.462817
-0.0621546 0.649705
0.122926 -0.320906
0.112955 -0.288125
0.113548 -0.50868
0.0715924 0.573111
0.0712074 0.463354
-0.0475145 0.654434
0.0554449 0.479403
0.0553741 0.463035
0.0889086 -0.283592
-0.0315551 0.644497
0.0710203 0.575706
-0.030068 0.663695
-0.0857197 -0.428515
0.101828 0.44529
0.116901 -0.494297
0.0949952 -0.277954
-0.0869795 0.44662
-0.135005 0.422162
0.0713184 0.544989
-0.110839 0.430177
0.134559 0.428358
-0.105592 0.435502
-0.0802642 -0.40928
-0.0830195 -0.386747
0.135761 -0.28101
-0.0040374 0.686567
0.070126 0.578215
0.0261274 -0.365129
-0.0779639 -0.451114
-0.0755443 0.403096
0.0371295 -0.372383
0.0269651 0.682229
0.0879203 0.445663
-0.0413735 0.416018
0.0328475 -0.313912
0.127727 0.42534
-0.0745439 -0.443502
0.0324329 -0.3491
0.0750095 -0.461089
0.0391775 0.505607
-0.0120115 0.661928
-0.048633 0.438585
0.0797646 -0.415709
-0.0615321 -0.38877
0.0666013 0.531506
0.0574477 0.521456
0.0685042 -0.365946
0.0249215 0.655644
-0.0636922 -0.416581
0.179133 0.386043
0.0435281 0.52236
-0.0617846 -0.418508
0.0299205 0.522177
0.144403 0.42015
0.131795 -0.480085
0.0439296 -0.328929
0.118594 -0.469484
-0.0252131 0.450354
-0.0294998 0.458133
0.167613 0.407579
-0.00379659 0.445529
-0.0497026 0.691615
0.190329 0.388851
-0.0498235 0.695259
0.108914 -0.456213
0.189569 0.393711
-0.0399607 0.703629
0.160556 0.419186
0.0693109 0.541201
0.133537 -0.374001
0.0572941 0.543108
-0.0440047 0.698281
0.0131059 0.434379
-0.0474498 -0.380207
-0.0466409 -0.393447
0.0614652 0.569158
0.124984 -0.355082
0.0676088 0.595369
-0.0242434 0.703575
-0.0143301 0.463381
-0.0184938 0.704342
-0.0771761 -0.444385
0.107107 -0.362205
0.0432168 0.555432
0.0393549 0.532967
0.0123642 0.462147
-0.0221955 0.705332
0.0104092 0.713677
0.0156679 0.481295
0.0957867 -0.417007
0.113941 -0.332783
0.00829678 0.712285
0.17081 0.410301
0.0315624 0.7105
-0.0543033 0.460525
0.0521793 0.575747
-0.064149 -0.412398
-0.0533885 0.468618
0.0282292 0.713771
0.179361 0.370876
0.170996 0.395368
-0.00425169 0.710409
-0.0396214 0.472105
-0.0528212 -0.394021
-0.00423066 0.707425
0.0361042 -0.288545
0.146833 0.423748
0.0357526 -0.267448
0.040633 -0.312087
0.0266361 0.712752
-0.0678436 -0.389084
0.0753418 0.592284
-0.0551391 -0.374969
-0.0518826 0.474503
0.0464195 -0.278456
0.201084 0.379997
0.0725141 0.606718
-0.0118149 0.474527
-0.137731 -0.366769
0.0160498 0.707151
0.0673616 -0.230561
0.0839673 0.605344
0.0775554 -0.253881
0.0174773 0.59143
-0.0068011 0.516767
0.0879645 -0.226785
0.128843 -0.317781
-0.16303 -0.368263
0.0845212 0.639969
0.107613 -0.244098
0.162169 0.41923
0.0468954 -0.0578912
-0.132191 -0.329498
-0.0329453 0.540869
-0.0369025 0.527494
0.153371 0.418515
-0.148953 -0.333974
0.0822244 0.635225
0.136146 -0.287893
0.116719 -0.30969
-0.05043 0.560987
0.141435 -0.380602
0.0796572 0.631063
-0.0354288 0.561176
0.135264 -0.361115
-0.0527745 0.606339
0.134184 -0.317702
0.130424 -0.219428
0.0245985 0.54453
0.0575903 -0.213252
0.0719708 -0.185307
-0.00101339 0.556536
0.0472992 -0.0165154
-0.101055 -0.353721
0.0692914 0.665229
0.0504624 0.573416
0.000460323 0.536242
0.0585016 -0.177579
0.0692889 0.693065
0.0475823 0.577338
0.137178 -0.334183
-0.119666 -0.323101
0.0885311 0.657037
0.0756832 -0.0160843
0.088865 0.670304
0.0815517 0.651456
0.135784 -0.296806
0.0940406 -0.190986
0.086632 0.666507
0.0172424 0.490898
0.0267348 0.567025
0.0427797 0.491885
0.0782715 0.687325
0.106264 -0.0401349
-0.0346534 0.490785
0.0749722 0.691422
-0.0407612 0.490654
0.117103 -0.207396
0.0733395 0.666556
0.138537 -0.329601
0.0323959 0.499368
-0.0814987 -0.325021
-0.0370601 0.513517
0.0581735 0.475506
0.0867648 0.648495
-0.148493 -0.2932
0.102778 -0.0100437
0.0174509 0.521743
0.037976 0.512691
0.121652 -0.18219
-0.0444788 0.511678
0.0418419 0.00550485
-0.129433 -0.305532
0.0467932 0.497954
0.0671971 0.607734
0.0589621 0.596952
-0.0203738 0.48667
0.0793106 0.011559
-0.107528 -0.30504
0.0603365 0.618526
0.00228463 0.492373
0.0709326 0.621496
0.143651 -0.289303
0.0651967 0.636934
0.0590127 -0.0949577
0.0369713 0.534648
-0.0195379 0.506202
0.0352283 0.588895
0.0595538 0.557749
0.0320547 0.609024
-0.0901313 -0.297986
0.0487249 0.537994
0.0256521 0.595396
-0.171476 -0.374872
0.096628 -0.0773542
0.0343801 0.640386
-0.159706 -0.35832
-0.0747459 0.567724
-0.0523735 0.54113
0.0735275 0.576982
-0.0536217 0.529979
-0.155243 -0.361074
-0.15348 -0.330407
0.0798897 0.584386
0.0612068 0.653155
0.0395553 -0.121116
-0.0741655 0.576389
0.0748837 0.640616
0.0675559 -0.127732
-0.152979 -0.337016
0.0513663 -0.126637
0.0751036 0.555878
0.0798963 -0.121159
0.0954174 0.0637209
-0.0793093 0.578464
0.0618484 -0.155514
0.0704124 -0.326246
0.0791496 0.575882
0.082666 -0.373822
0.0367328 0.697356
0.128545 -0.0586617
0.0968979 -0.354502
0.0395459 -0.126991
0.0586716 0.673445
0.041924 0.586283
0.0577055 0.688179
0.0601654 -0.136888
0.0381903 0.625079
0.0855006 -0.344209
0.106766 -0.340164
-0.153928 -0.307523
0.132985 0.000945244
-0.0886479 0.61266
-0.154822 -0.326084
0.0992851 -0.322508
0.0509312 0.622676
-0.0879784 0.627083
0.0669103 0.628088
-0.0918353 0.630949
0.133708 0.0453629
0.113024 -0.127416
-0.164272 -0.288377
0.0529409 0.704984
0.0570504 -0.297414
-0.0834021 0.658222
0.0543087 0.637609
-0.0880007 0.64871
-0.164392 -0.310923
0.049135 0.658734
0.085681 -0.157459
-0.0587808 0.592911
0.15803 -0.0409336
0.106367 -0.159701
-0.0820585 0.599439
0.0836907 0.650209
0.0347057 0.667081
0.150339 -0.0091125
0.0868627 -0.306203
0.012662 0.677891
0.135183 -0.136186
-0.0110525 0.593922
-0.0718361 0.608541
-0.0656363 0.63562
0.0483883 0.703773
0.0409022 0.679159
0.0299844 0.695407
0.108328 -0.321394
0.107292 -0.304236
-0.0777083 0.622497
0.0434192 -0.109765
0.166385 -0.0485087
-0.078768 0.645363
0.0647828 0.700689
0.0704436 0.615594
0.07155 -0.103213
-0.0549835 0.669186
-0.0556377 -0.367786
-0.0464478 0.657674
-0.0413411 -0.365729
-0.0334411 -0.382341
-0.0315788 -0.375291
0.0991064 -0.107518
0.0813356 0.629685
0.0411112 -0.236527
-0.0355167 0.677553
0.0593127 -0.252096
-0.0442997 0.686036
-0.0633207 -0.326142
0.0857285 0.592092
0.123318 -0.0920213
-0.0160879 0.665279
-0.00698186 0.684673
-0.0462898 -0.351696
0.16202 0.0258445
0.0393537 -0.261848
0.0511589 0.6862
-0.054431 -0.314205
0.0643332 0.671953
0.0317313 -0.243408
0.061717 0.679207
0.0603356 0.0601984
0.0367598 -0.224043
-0.0652755 -0.297436
0.154105 -0.144321
0.0732108 0.67253
0.118131 -0.26495
-0.053339 -0.275212
0.129047 -0.239055
0.0468671 -0.190724
0.0503994 -0.228088
-0.0367689 -0.3772
0.0822055 0.666632
0.148281 -0.120146
0.0828682 0.0774855
0.0379542 -0.189243
0.0862358 0.656085
-0.0473601 -0.376765
-0.050333 -0.364512
0.0419959 0.106284
-0.0465878 -0.31535
-0.0460828 -0.33362
0.0373296 -0.224007
0.0339114 -0.205611
0.0272471 -0.18363
0.0271541 0.70675
0.0417247 0.705995
0.0278587 0.705642
0.110828 0.0805837
0.031549 -0.235145
0.0537315 0.12885
0.0247409 -0.235892
0.0304304 -0.219717
0.0665623 0.110597
0.0386197 -0.269485
0.0635623 0.696808
0.0296961 -0.243668
0.0443043 -0.217641
0.0311378 -0.207514
0.174769 -0.0363045
0.174677 -0.0181867
0.0244062 -0.192737
0.0859216 0.111216
0.0244212 -0.188993
0.14208 -0.254814
0.082047 0.134243
0.155975 -0.261353
0.152714 -0.234846
0.145276 -0.215293
0.0943934 0.143998
-0.0845479 0.585548
-0.0836297 0.601227
-0.0735157 0.671297
-0.0653507 0.686405
-0.0483964 0.694232
-0.0246274 0.692245
0.00489055 0.701087
-0.018326 0.699474
0.0108776 0.7059
0.0151857 0.705188
-0.413585 -0.0484019
-0.404355 -0.0490452
-0.406749 -0.0364788
-0.416096 -0.0467905
-0.415627 -0.0290597
-0.431102 -0.0472567
-0.430616 -0.0376907
-0.419017 -0.0369683
-0.409931 -0.0538079
-0.405721 -0.0533939
-0.404575 -0.0224291
-0.416793 -0.029642
-0.447674 -0.0540906
-0.445268 -0.0562501
-0.425028 -0.034577
-0.41932 -0.0422603
-0.402574 -0.0308936
-0.340657 0.0395505
-0.392516 -0.0559895
-0.381637 -0.0374689
-0.374316 -0.0402472
-0.397852 -0.0240213
-0.385699 -0.0238702
-0.401068 -0.0202122
-0.388558 -0.0134297
-0.373163 -0.00816092
-0.36334 -0.0135877
-0.363703 -0.0271774
-0.354066 -0.0196653
-0.359308 0.0177608
-0.373861 0.00512117
-0.351811 0.00569513
-0.367664 0.00276437
-0.352442 0.0440987
-0.385015 -0.00260622
-0.384423 -0.0017038
-0.362789 0.026519
-0.349171 0.0504549
-0.350987 0.027551
-0.335435 0.0275644
-0.314423 0.0429021
-0.312118 0.0262916
-0.302982 0.0369807
-0.346968 -0.00327367
-0.34044 0.00257921
-0.33456 0.0113983
-0.348226 -0.00355459
-0.333134 -0.00583139
-0.323394 0.00300452
-0.34548 0.0121509
-0.31176 0.00227418
-0.326149 -0.0111989
-0.317346 -0.00635368
-0.313478 0.0186811
-0.326363 0.0112766
-0.298742 0.0145483
-0.305768 0.0150552
-0.336528 0.0213298
-0.319776 0.037076
-0.334845 0.0191989
-0.334193 0.058485
-0.318814 0.0241401
-0.296509 0.0296679
-0.317202 0.0395126
-0.305384 0.051056
-0.309051 0.0333645
-0.292844 0.0237067
-0.28719 0.0370544
-0.299315 0.0226738
-0.278975 0.0364425
-0.325007 0.051361
-0.327976 0.061192
-0.313386 0.0592202
-0.29126 0.0654353
-0.28977 0.0837778
-0.325225 0.0946672
-0.295533 0.0894271
-0.313779 0.0819438
-0.321306 0.0924532
-0.304897 0.120129
-0.30826 0.124569
-0.314099 0.116
-0.29509 0.14269
-0.34161 0.0546405
-0.339506 0.0700262
-0.328636 0.0854823
-0.30823 0.0492182
-0.300118 0.0582781
-0.317982 0.0683105
-0.317258 0.0817401
-0.287379 0.100819
-0.306629 0.117719
-0.295324 0.139057
-0.297503 0.105193
-0.259419 0.107074
-0.26671 0.0843781
-0.27536 0.149105
-0.283569 0.145864
-0.267327 0.135878
-0.2399 0.135565
-0.258505 0.153306
-0.225484 0.145929
-0.299154 0.124187
-0.271141 0.112002
-0.279516 0.126101
-0.250972 0.122413
-0.243074 0.118291
-0.295662 0.141601
-0.225117 0.137733
-0.21112 0.151527
-0.204503 0.144729
-0.292679 0.0521631
-0.27799 0.0675513
-0.296359 0.0631403
-0.283096 0.0728175
-0.262695 0.0732793
-0.264866 0.0607256
-0.254412 0.0735178
-0.276105 0.0828294
-0.262596 0.0950949
-0.267255 0.0919276
-0.29024 0.0500819
-0.277736 0.0497407
-0.269294 0.0463443
-0.281327 0.0686662
-0.276543 0.0620378
-0.270591 0.0496829
-0.292337 0.0579031
-0.281521 0.0751921
-0.261994 0.0570978
-0.257739 0.0717903
-0.286703 0.0753775
-0.264941 0.0911988
-0.264945 0.0830882
-0.261123 0.0821621
-0.25406 0.0947071
-0.23593 0.116678
-0.242352 0.113424
-0.253251 0.103019
-0.282606 0.137802
-0.263123 0.125498
-0.245596 0.110601
-0.25195 0.114985
-0.244802 0.147316
-0.219852 0.123789
-0.208523 0.116303
-0.232271 0.116524
-0.227586 0.113148
-0.208418 0.112757
-0.20273 0.121715
-0.220343 0.135683
-0.208216 0.134791
-0.207808 0.144909
-0.207495 0.121579
-0.215135 0.14549
-0.232139 0.123941
-0.228215 0.141148
-0.39756 -0.0576511
-0.386753 -0.0423064
-0.401359 -0.0387079
-0.381992 -0.0385075
-0.368887 -0.0483073
-0.363465 -0.0377223
-0.35446 -0.0399414
-0.358763 -0.0431318
-0.386401 -0.0332094
-0.388541 -0.0221922
-0.381458 -0.00973973
-0.36684 -0.0346779
-0.370449 -0.0319631
-0.35642 -0.022469
-0.354637 -0.0211195
-0.364268 -0.0056212
-0.384819 -0.0606287
-0.401584 -0.0461881
-0.377258 -0.0395078
-0.377002 -0.0580033
-0.368749 -0.0394546
-0.342449 -0.0260371
-0.35806 -0.0183511
-0.347028 -0.0391756
-0.340588 -0.0296187
-0.351746 -0.0090878
-0.338162 -0.0202704
-0.329534 -0.0174896
-0.339199 -0.00498656
-0.364933 0.0164615
-0.347878 0.0308607
-0.340234 0.00805738
-0.319173 -0.00138232
-0.343683 0.0106061
-0.315782 0.0174426
-0.332623 0.0487308
-0.321295 0.0362058
-0.300873 0.0451556
-0.138477 -0.0303355
-0.157419 -0.0251269
-0.16316 -0.052733
-0.168416 -0.0296209
-0.166408 0.00218689
-0.155763 0.0172502
-0.144111 0.0408626
-0.164239 0.0325643
-0.170412 0.0128
-0.174704 0.0119882
-0.166723 0.0351079
-0.166299 -0.0444921
-0.165991 -0.036054
-0.171462 -0.0215454
-0.163066 -0.0309972
-0.150032 -0.0270495
-0.174784 0.00388887
-0.182148 0.0186059
-0.172049 0.0229219
-0.160792 -0.00462598
-0.15663 0.0254909
-0.135141 0.043727
-0.153193 0.0485212
-0.148662 0.0838656
-0.15809 0.0525247
-0.137176 0.10446
-0.15147 0.100525
-0.126448 0.112965
-0.139714 0.106293
-0.129997 0.13137
-0.13712 0.126668
-0.136665 0.114307
-0.142985 0.126626
-0.130855 0.138112
-0.129189 0.141042
-0.148055 0.0823985
-0.156278 0.0457872
-0.144146 0.0874579
-0.139902 0.0708306
-0.12855 0.0978261
-0.114531 0.0917374
-0.141319 0.127791
-0.139343 0.137534
-0.131477 0.110832
-0.134877 0.12128
-0.120622 0.110906
-0.119118 0.123312
-0.134213 0.132259
-0.131833 -0.0453334
-0.136937 -0.0123343
-0.106661 -0.0183327
-0.114235 -0.0468445
-0.0704804 -0.0278657
-0.14089 0.00302833
-0.1114 0.00287544
-0.100669 0.0373084
-0.0901033 0.000898476
-0.0763352 0.0222948
-0.019015 -0.0309197
-0.0527342 -0.00572342
0.00524568 -0.0225166
-0.0389696 0.052319
-0.0244612 0.0174887
-0.0183734 0.0467322
-0.121021 0.0720541
-0.115591 0.0666108
-0.100462 0.0681146
-0.111997 0.0806379
-0.0952735 0.0868758
-0.0783668 0.106132
-0.1023 0.103689
-0.0937952 0.11522
-0.0915889 0.134765
-0.0718478 0.0628505
-0.0445567 0.0801985
-0.0622092 0.105417
-0.0640141 0.121938
-0.0741537 0.138375
-0.0424336 0.133736
-0.0197102 0.140601
-0.0120367 0.118368
-0.0284454 0.103366
-0.0184038 0.0712519
0.0117564 0.065684
-0.0117986 0.0900974
-0.279771 0.155495
-0.261474 0.164744
-0.245838 0.166216
-0.255897 0.180844
-0.245779 0.194819
-0.263022 0.178782
-0.247741 0.204653
-0.262459 0.178698
-0.224852 0.184418
-0.238645 0.184433
-0.20665 0.186989
-0.210647 0.15986
-0.199044 0.163983
-0.197051 0.153465
-0.223078 0.229037
-0.231984 0.229139
-0.235341 0.230118
-0.205543 0.222006
-0.216038 0.263619
-0.216574 0.267102
-0.209052 0.251797
-0.2194 0.248794
-0.266453 0.16268
-0.254452 0.183257
-0.241594 0.171208
-0.222737 0.17347
-0.200597 0.185093
-0.239715 0.208098
-0.230561 0.197377
-0.222556 0.215199
-0.212122 0.215725
-0.210094 0.252777
-0.207672 0.297383
-0.208868 0.29916
-0.204244 0.293102
-0.201789 0.281867
-0.204355 0.31206
-0.211079 0.325511
-0.226217 0.338494
-0.231149 0.326924
-0.228755 0.32999
-0.219282 0.323458
-0.228039 0.336643
-0.220812 0.331201
-0.207 0.319593
-0.20981 0.350523
-0.209427 0.312941
-0.212365 0.356928
-0.208438 0.357661
-0.0267024 0.38283
0.0614698 0.406156
-0.0350969 0.629806
0.00340248 0.614313
0.007949 0.646477
0.00692782 0.225125
0.038339 0.24503
0.0775995 0.286118
0.10033 0.329608
0.144811 0.3448
0.14139 0.379644
0.0925222 0.365614
0.109524 0.411561
-0.0570483 0.322589
0.00408337 0.353272
