0.0280365 -0.0900059
-0.10916 0.122963
-0.0576372 0.199643
0.00721943 -0.160821
0.0482878 -0.117514
-0.0753826 -0.0665847
-0.0906155 0.105759
-0.0964403 0.111998
0.0487053 -0.131401
-0.110001 0.12527
-0.0625407 0.195784
-0.110914 0.135636
-0.0960375 -0.0929387
0.0341642 0.182345
-0.0663723 0.190711
-0.0949407 -0.0884456
0.00689918 -0.0809149
-0.10435 0.15821
-0.0359186 -0.159754
0.0369331 0.174209
-0.070476 0.0970236
0.0407359 -0.146834
0.0382828 0.169095
-0.0740099 -0.147614
-0.0602012 0.197894
-0.00778729 -0.074486
-0.0561528 -0.158684
-0.0753453 -0.13614
-0.000926614 0.133238
-0.0662885 -0.155394
-0.103423 0.116336
-0.0924451 0.107913
-0.0860021 0.171575
0.0193504 0.205254
-0.0961029 -0.0982294
-0.0733991 0.180177
-0.0493808 -0.0642176
-0.0577143 0.100273
0.0428862 -0.104805
-0.0716174 0.182073
-0.0940642 -0.10872
-0.0750784 0.17849
-0.0506526 0.104301
-0.110658 0.131734
-0.0802293 0.174802
-0.0910129 -0.115389
0.0390944 -0.147391
-0.031911 0.208585
-0.0268946 0.118741
-0.0301228 -0.159936
-0.0769526 0.0965429
0.027724 0.160662
-0.0466645 0.204238
-0.0428497 0.109887
-0.054294 0.101919
-0.0619237 0.0988474
-0.0657384 0.0978833
-0.0161461 -0.0717304
-0.0199609 -0.0702353
-0.073368 -0.149937
-0.0722182 -0.151429
-0.0753186 -0.143799
-0.0695533 -0.153653
-0.0619237 -0.157243
-0.0237647 0.120373
-0.0831546 0.172925
0.0250791 0.158787
-0.0777631 0.176658
-0.0953709 -0.104638
-0.0924301 0.168442
-0.0824651 -0.128465
-0.0735078 0.0964891
-0.0845847 -0.125978
-0.0804168 -0.130315
0.0232537 -0.156839
-0.094304 0.109902
-0.0931818 -0.0852264
-0.0692368 0.184847
-0.0897045 -0.0797612
-0.0872725 -0.121663
-0.110159 0.127606
-0.0767012 -0.134206
0.0270143 -0.155298
-0.0997115 0.113953
-0.0756346 -0.138428
0.0468532 -0.136241
-1.01328e-06 -0.160813
-0.0778805 -0.132704
-0.0271006 -0.160299
0.0181441 0.150553
0.020016 0.153589
0.0315213 0.190563
0.00727916 0.211105
-0.0456493 0.107654
0.0297937 0.193778
-0.0199609 0.211156
0.0314341 -0.0920437
0.0357531 -0.149335
-0.073368 -0.151429
0.0464065 -0.141108
-0.0973826 0.164723
0.0116992 -0.159642
-0.0790902 0.0965327
0.0143202 0.146421
-0.0421764 -0.160659
0.00307387 -0.0792245
-0.0633831 0.19394
0.0202758 -0.157166
-0.109331 0.148163
-0.0338383 0.115082
-0.0314716 -0.0659616
-0.107648 0.121162
-0.107313 0.153506
-0.00938267 0.12682
-0.0537136 0.201285
-0.0876936 0.100482
-0.000193477 0.212975
-0.041896 -0.063775
0.0146704 0.206095
0.017603 -0.0845228
0.0372834 0.170942
-0.0833334 -0.071966
-0.00628603 0.128711
0.0116425 0.144152
-0.00278544 0.212799
-0.0687017 -0.0644242
-0.0775485 -0.136009
0.0403157 -0.101993
0.0351902 0.165572
-0.011687 -0.0733272
-0.0943984 0.167254
0.033332 -0.15035
-0.0465025 -0.16117
-0.101832 0.161652
-0.111367 0.137869
-0.0771828 -0.147614
0.0468324 -0.123194
-0.0574067 -0.159553
-0.0227004 -0.160718
-0.0495074 -0.16112
0.0327826 0.163863
0.043344 -0.108174
-0.0714967 -0.064799
-0.106188 0.119242
0.041231 -0.104241
0.0447494 -0.143795
0.0296493 0.16176
0.0300045 0.190496
0.0200944 0.202567
-0.0695556 -0.155247
-0.0292253 0.11743
0.0466519 -0.120562
-0.0762795 0.17687
0.0293376 -0.0906081
0.0337375 -0.0935943
0.0372235 0.169012
0.0312939 0.182919
-0.0962931 -0.0980612
0.0231215 -0.155406
-0.0694461 0.182346
0.0454414 -0.12854
-0.0840024 -0.127396
-0.0958275 -0.0904023
-0.0790902 0.175373
0.0364117 0.167106
-0.0504793 0.202629
0.00721943 -0.159859
-0.0142388 -0.0722736
-0.0352201 -0.0644652
-0.0628774 -0.0641603
-0.0952328 -0.0884847
-0.0714607 0.180458
-0.0856974 -0.124725
-0.0652506 0.189398
-0.0736263 0.178624
-0.09399 -0.10888
0.00215322 -0.1605
-0.102727 0.115951
0.0257887 0.160077
-0.00231445 -0.0765224
0.0447044 -0.112335
-0.0661278 -0.0642078
-0.0825663 0.173667
-0.0954913 -0.104293
-0.007469 0.211871
-0.0807506 -0.131699
0.0377131 -0.0975834
-0.0873871 -0.121678
-0.0817278 -0.130582
0.0412721 -0.105426
-0.0910062 -0.11532
-0.0878934 0.171165
-0.0200989 0.122645
-0.0313647 -0.160334
0.0442994 -0.136411
-0.067433 0.184715
-0.0795956 -0.134188
-0.0610167 0.196158
-0.0954521 0.109891
-0.094059 -0.085926
0.0447133 -0.142397
0.0208999 -0.0859464
-0.045234 -0.0632439
-0.0741895 -0.0654683
0.0219517 0.200326
-0.082905 0.0967888
-0.0573176 0.198945
-0.0975344 0.111762
-0.110633 0.132416
0.0350339 -0.14841
0.0328701 0.175384
-0.0660479 -0.157529
0.00347137 0.21106
0.0426437 -0.143828
-0.038282 -0.0634639
-0.109828 0.128102
-0.0248355 -0.16051
-0.0913554 0.169446
-0.0780721 -0.0674884
-0.091054 0.102519
0.00990397 0.142759
-0.0249571 0.119635
-0.0941305 0.107598
-0.0962896 -0.0924243
-0.0409423 0.205798
-0.0367589 0.206948
-0.0142387 0.2112
-0.0566783 -0.0635064
-0.0746053 0.0955021
0.0113417 0.205987
0.0235295 0.198076
0.0430437 -0.134344
-0.100035 0.113674
-0.0771828 -0.151429
-0.0390966 0.111315
0.0357156 0.170427
0.0162008 0.202861
-0.0771828 0.176643
-0.0809976 -0.143799
0.0448824 -0.116197
-0.111462 0.142393
-0.0876012 0.0985505
-0.0630693 0.192009
-0.107655 0.12199
-0.00401455 0.130387
