-0.00384987 0.169265
0.0670866 -0.0821221
0.0740083 0.127886
0.0417114 -0.00904134
0.0409159 -0.54412
-0.00101375 -0.207635
-0.0236954 0.173678
-0.0745094 -0.403761
0.0572521 -0.0671926
0.0265568 0.00527671
0.00478374 0.173352
-0.070397 -0.419581
0.0474864 -0.0825087
0.0411652 -0.192855
0.0567526 0.131484
0.00173687 0.193359
0.0101733 0.196466
0.0426476 -0.535663
0.0286467 -0.171996
0.0607798 0.113783
-0.0799645 -0.395367
0.0409131 -0.517048
0.00171721 0.0199358
-0.0198581 0.189328
0.000388017 0.210233
-0.0856719 -0.366028
0.0128341 0.0350557
-0.00428116 -0.18437
0.0274175 -0.0582656
0.0438661 -0.517882
0.0413027 -0.515935
0.106489 -0.125167
-0.0668311 -0.404586
0.00112606 -0.228357
0.0330483 0.177555
0.045377 0.144359
0.0815848 -0.121809
0.0102222 0.151232
-0.00884735 -0.0145457
0.0380585 -0.502153
0.0108926 0.165773
-0.0200297 -0.222805
0.0339197 -0.499958
-0.0740832 -0.372733
0.107289 -0.0838293
0.0948723 0.130447
0.0965352 0.142152
-0.0126814 0.0258477
0.0919291 0.152922
0.0940757 -0.100194
-0.0242489 -0.201486
0.105875 -0.106892
0.0312803 0.191948
0.108726 -0.102138
0.0343031 -0.51854
-0.00242197 -0.168568
-0.00147462 0.0392074
0.105123 -0.0984659
0.0941748 -0.118415
-0.0832654 -0.375898
0.0620599 0.0453347
0.0110253 0.190143
0.0458921 0.066269
0.0957623 -0.100617
0.0986662 -0.0996665
-0.0129951 0.0449989
0.0978593 -0.088647
-0.0111713 -0.284184
-0.0880256 -0.351133
-0.0158796 -0.257622
0.0666224 0.0821494
-0.0387179 -0.271534
-0.0923064 -0.350132
0.104767 -0.0582206
-0.0100092 0.159113
-0.0170981 -0.060293
-0.0792599 -0.340611
0.0904186 -0.0842875
-0.0423955 -0.0692699
-0.0342095 -0.251378
-0.0453132 -0.250154
0.0868225 -0.0660279
-0.0258026 0.151524
0.0399032 -0.121299
-0.022072 -0.0328342
-0.093912 -0.328995
-0.0190365 0.190905
0.108042 -0.0817955
0.105766 -0.0802987
0.107792 -0.0621406
0.0441486 0.0442215
0.104811 -0.066466
0.0671132 -0.0878255
0.0906482 -0.0925866
0.0933888 -0.0839532
-0.031051 -0.0252339
0.0905042 -0.0759489
0.0971646 -0.0703235
0.0269314 0.201694
0.039942 0.241839
0.0880036 -0.06553
-0.0961567 -0.325812
0.0538083 -0.0916795
-0.0633305 -0.27057
0.0366446 -0.104761
0.0657501 -0.130219
0.0315866 0.0920694
0.0373236 0.104191
0.0584855 -0.112909
0.0365791 0.24013
0.0605743 -0.120639
-0.0599772 -0.0438635
-0.0784155 -0.321748
0.012356 0.217914
-0.0728685 -0.281149
0.0690934 -0.100589
-0.0655348 -0.247864
-0.0657483 -0.314863
-0.0724083 -0.305893
0.0425754 -0.0747332
0.0315624 0.115121
0.00871121 0.238989
0.0655587 -0.0658828
-0.086438 -0.276478
-0.0727891 -0.221589
0.0839685 0.136332
0.0801858 -0.0911023
0.0712798 -0.0890823
0.0643623 -0.106015
0.0222008 0.24384
0.0623732 -0.0898953
0.0642254 0.129317
-0.0696539 -0.0137768
0.0417607 0.262893
0.0749142 -0.112773
0.0375299 0.251857
0.0187991 0.243542
-0.046404 -0.215388
0.0946202 -0.074749
-0.0969293 -0.312578
-0.0533228 -0.00579792
0.0746831 -0.0882932
0.0487407 0.129984
0.0133603 0.250833
0.0449171 0.121645
0.0765134 -0.0804013
0.0648205 -0.112288
0.0499618 0.145515
0.0824361 -0.0877082
-0.0256557 0.0217102
0.0779189 -0.0833246
0.0363025 -0.133091
0.0759693 -0.0798852
0.0364597 0.127197
0.0773785 -0.0703354
-0.0382707 -0.179393
0.0855796 -0.071145
-0.100536 -0.299107
0.0482014 -0.127616
-0.0475311 0.0463726
0.0957969 0.00397331
0.0875837 0.024732
-0.0657725 -0.199949
-0.00286044 0.245726
0.078018 -0.0620413
0.0990285 0.0372977
-0.103479 -0.316306
0.0864627 -0.0871514
-0.111398 -0.310157
0.104755 0.0134592
-0.00988949 0.24533
0.105525 0.0320501
0.0807887 -0.0797447
0.0239254 -0.12798
0.106229 0.046937
-0.0604386 -0.172102
0.0572335 -0.121371
0.080483 -0.0643892
0.0415347 -0.119289
-0.00257791 0.25517
0.0650682 -0.0708761
-0.100067 -0.295055
-0.111075 -0.304298
-0.018155 0.260444
0.0685167 -0.00382146
-0.10857 -0.284122
0.0632156 0.022352
0.0319471 0.222936
0.0487355 -0.123697
0.0465882 -0.0964232
0.0245386 -0.172171
0.0511158 -0.0919618
-0.067317 0.031681
0.0110557 0.218781
-0.109585 -0.281277
0.0473857 -0.115295
0.0139242 -0.155448
0.0737748 0.0421103
0.0101746 0.238201
0.0647436 0.041656
0.0456651 -0.0970984
-0.10784 -0.271735
0.0502363 -0.0731692
-0.0739367 -0.354866
0.00960742 0.255887
0.0290223 -0.139942
0.0429901 -0.0669821
-0.0512569 0.0657839
0.0249777 -0.125115
0.0799623 -0.0770761
-0.0719365 0.0768217
-0.0642565 -0.347955
-0.024169 0.228483
-0.0849326 -0.33058
0.049222 0.0286514
0.0503774 -0.0600045
0.0250461 -0.119383
-0.0672895 0.0896204
-0.0491079 0.100406
0.00884116 -0.131237
0.0444008 -0.0773563
-0.0129093 0.25304
0.00628651 -0.166906
0.0489162 0.0344296
-0.0843499 -0.319905
-0.0135583 -0.164867
0.105279 -0.149789
0.0835792 -0.0491808
0.105685 -0.028808
-0.0666624 0.115588
-0.0169482 -0.144602
-0.00199174 -0.122766
0.096718 -0.0196246
0.0959482 -0.165085
0.111092 -0.151554
0.0880138 -0.00919163
-0.0814329 -0.309054
-0.0631789 -0.312714
-0.0528987 0.137059
0.0681703 -0.093482
0.103822 -0.151418
-0.0162207 -0.127679
0.10568 -0.0120204
0.0897495 -0.169689
-0.0137492 -0.118278
0.0761827 -0.110158
0.0939162 -0.163741
0.104869 -0.0200754
-0.072331 0.13081
-0.0398039 0.173645
-0.0942459 -0.293344
-0.0902923 -0.291105
-0.037577 0.153641
0.104644 -0.136672
0.111666 -0.135661
0.111442 -0.13547
-0.0286007 -0.180872
0.0821778 -0.0748781
0.108803 -0.114075
0.108229 -0.118938
-0.059869 -0.161695
0.106266 -0.0437223
-0.0755672 -0.282144
0.0906358 -0.138059
0.00734627 0.0659034
-0.0303452 0.192122
0.105444 -0.0436446
0.0910169 -0.0516861
0.0883093 -0.138562
0.0922644 -0.0402042
0.0838561 -0.0796567
-0.0759453 -0.151034
0.108142 -0.0503249
-0.0692162 -0.139775
0.104157 -0.132423
0.106882 -0.0597466
0.105089 -0.0663539
-0.0582613 0.155482
0.0186317 0.097249
-0.0583998 0.169746
-0.0595489 -0.123668
0.0563242 -0.104413
0.098776 -0.0595368
0.0948405 -0.0494076
0.00408113 0.0900745
0.112918 -0.0962794
-0.0693907 0.156576
0.111904 -0.103009
-0.0640234 -0.103778
0.091396 -0.0572958
-0.000213029 0.0504794
0.103674 -0.0997673
0.0897841 -0.0363443
0.102279 -0.082232
0.0961095 -0.0490603
0.0309551 -0.111792
0.112635 -0.0896942
-0.0796429 -0.0788819
0.0914067 -0.035577
0.0585451 -0.104316
0.104361 -0.0891904
-0.0765095 0.200879
0.0877314 -0.117748
0.10493 -0.0281249
0.0391568 -0.109785
-0.0157746 0.085711
-0.123978 -0.110135
0.0317998 -0.145569
-0.116276 -0.097904
-0.123673 -0.0946609
0.0940863 -0.0182161
0.109835 -0.0692772
-0.115768 -0.0798364
-0.0279209 -0.73217
-0.0998436 -0.0692199
0.112815 -0.0810478
-0.0325371 -0.717165
0.0916306 -0.0330175
-0.0311661 0.223769
0.104821 -0.0770068
-0.124572 -0.0786569
-0.124221 -0.0868336
0.00256637 -0.731573
0.088732 -0.0812769
0.0264373 0.108202
0.0408933 -0.122646
0.0977969 -0.0794551
-0.117115 -0.0611241
0.105713 0.0205173
0.0189452 -0.129552
0.00156 -0.705695
-0.0242019 0.25462
0.0963778 -0.0669185
0.103286 -0.003192
-0.117544 -0.0707018
-0.124016 -0.0749709
-0.0278297 0.24798
0.10057 -0.0612021
-0.122142 -0.0609992
-0.0162291 -0.735388
0.0883702 -0.0628128
-0.00801846 -0.725334
0.0104737 0.111716
0.0115977 0.129528
-0.132094 -0.134219
-0.00278521 0.12176
0.10551 -0.00593099
-0.00319063 -0.13411
-0.0148747 -0.710903
-0.137903 -0.131574
0.0793561 -0.149117
-0.00160679 -0.730748
0.0859214 -0.154832
0.083295 -0.158174
0.0978825 -0.00981488
0.0785163 -0.147687
0.0871671 -0.00872624
0.0825974 -0.149166
0.00798741 -0.705355
-0.043651 0.209447
0.00517383 -0.702345
0.0612336 -0.146721
0.0662247 -0.15372
0.000689894 -0.688227
0.0713275 -0.145574
-0.0195622 -0.736443
-0.0732457 0.234062
-0.0110838 -0.730311
0.0823523 -0.164166
-0.00222696 0.152594
0.0862465 -0.158058
-0.00886345 0.110962
-0.0466137 0.254872
0.0651203 -0.156705
0.0994598 0.0287185
-0.0304351 0.11007
0.0868366 0.0416583
-0.134141 -0.111878
0.0604006 -0.14675
-0.130394 -0.1046
0.0791326 -0.132231
-0.0598116 -0.736877
-0.0495709 -0.730914
0.020553 -0.0798193
-0.0457648 -0.690374
-0.0178927 0.146668
0.0614655 -0.136469
0.0615372 -0.122253
-0.0357508 -0.731625
-0.0586812 -0.736024
0.00161338 -0.0575705
-0.059775 -0.733645
0.0311598 0.14864
0.078511 -0.0410843
0.0314107 0.146534
-0.0655083 -0.726718
-0.00284588 -0.099771
0.0239981 0.148628
0.00169862 -0.232764
0.0240947 0.14349
0.0704046 -0.0462275
-0.074667 0.247307
0.0569975 -0.156795
0.0715781 -0.0380163
0.0499034 -0.149766
-0.0101223 -0.21791
0.0518349 -0.157546
-0.0691329 -0.732721
0.0617673 -0.0286386
0.0713001 -0.016939
0.00668346 0.264092
0.0106938 -0.25168
0.0831685 -0.0288097
0.0425592 -0.132624
-0.0142895 0.263916
0.0884986 -0.0296901
-0.069435 -0.726103
0.0778387 -0.0243891
-0.0654027 -0.722058
0.0150912 -0.220629
0.077013 -0.0117189
0.0849371 -0.0107372
0.0869392 -0.0167339
0.0811107 -0.0201757
0.0861696 -0.0240938
0.0417144 -0.139159
0.00453247 -0.253298
0.0435982 -0.13912
-0.0396594 0.0858487
-0.0176104 0.297664
0.0433985 -0.12579
0.072064 -0.0344414
0.0712955 -0.026884
0.0722954 -0.0229807
0.0697503 -0.0164531
0.0502074 -0.143697
-0.0482875 -0.729876
0.00488471 0.262918
0.0580498 -0.0559603
-0.040475 -0.105533
0.0501215 -0.0565106
-0.0541671 -0.704803
0.0503231 -0.0381017
0.0169442 0.373371
-0.0548719 0.0848568
-0.0521817 -0.140839
0.0585216 -0.0160941
0.0497218 -0.0100493
-0.073591 -0.127781
-0.000964417 0.321508
0.0501765 -0.0217699
-0.00640406 0.341573
-0.0137087 0.336188
0.0113605 -0.229809
0.0552403 -0.0106342
0.0516678 -0.0247959
0.0775487 -0.0530619
0.0838821 -0.0520757
0.0168271 -0.565779
0.0242293 -0.559484
0.0109644 -0.579383
-0.00592281 0.363197
0.0150597 -0.730587
0.0190162 -0.557912
0.0210192 -0.547619
0.00846269 -0.549126
0.00773516 -0.70379
0.0767267 -0.0443372
0.0239442 -0.697773
0.0742862 -0.0556546
-0.00257513 -0.732318
0.00422373 -0.567252
-0.000575278 -0.590809
-0.00532569 0.384624
-0.0125689 -0.716911
-0.0136162 -0.572294
0.0762787 -0.0339933
-0.0201486 -0.729142
0.0796469 -0.0549429
0.0250631 -0.728146
-0.0115073 -0.181947
0.0238697 -0.723572
0.0835834 -0.0485382
-0.0181663 -0.550774
-0.0221497 0.263148
0.0313506 -0.695291
-0.0229141 0.280551
0.0791398 -0.0367813
-0.108605 -0.059678
0.066947 -0.0524416
0.0112708 -0.732933
0.0146586 -0.734379
-0.116721 -0.0168341
-0.0234935 0.281738
-0.068112 -0.0734617
-0.0229812 0.271217
0.00998154 -0.725424
-0.122248 -0.0234283
0.0849004 -0.0333823
-0.0563357 -0.102653
0.0136906 -0.696344
-0.024676 0.290677
0.0821499 -0.0259018
-0.000399081 -0.730687
-0.0975939 -0.0740808
-0.0974318 -0.047215
-0.036347 0.285709
0.0128963 -0.183024
0.0684292 -0.0300906
-0.0223793 0.298537
0.0687518 -0.0117074
-0.0333293 -0.729078
0.0160945 -0.181609
0.00957635 -0.668327
0.00132302 -0.735184
-0.00890848 -0.732598
0.0164674 -0.650725
0.00472284 -0.188174
-0.00424144 -0.716333
-0.0182765 -0.735727
0.0111535 -0.654925
0.052498 -0.0403107
-0.0181334 -0.72448
-0.0862949 -0.262755
-0.0952263 -0.270368
-0.00766966 -0.683148
0.0040206 -0.670988
-0.0331185 -0.724998
-0.0369917 -0.730561
-0.0383175 0.271232
-0.0250996 -0.701947
0.0604333 -0.0446424
-0.0512876 -0.263819
-0.0730823 -0.238076
-0.0509305 -0.712447
-0.0169618 -0.267311
-0.0555446 -0.728781
-0.0323244 -0.270305
0.010494 -0.673462
-0.0334937 0.317886
-0.0257339 -0.241978
0.00672153 -0.675963
-0.0489283 0.327186
-0.0842723 -0.218975
-0.0509659 0.28308
-0.0480529 -0.723443
0.0777538 -0.00170037
-0.098953 -0.240837
-0.0478 -0.732455
0.0843219 0.00898227
-0.0472481 -0.248646
0.0841845 0.0170574
0.0777738 0.01199
-0.0821465 0.268587
-0.0776768 -0.0527273
-0.0412201 -0.220845
-0.0496586 -0.225714
-0.0376056 -0.732615
-0.0756371 0.285262
0.0761654 0.0162841
-0.0338789 -0.705974
0.0842606 -0.00562545
-0.0150928 -0.6506
-0.0989635 -0.261126
0.0854988 0.00332511
0.0770892 -0.00477254
-0.0492994 -0.725941
-0.0528488 0.30249
-0.043761 -0.702821
-0.0876565 -0.280469
-0.0907156 -0.0191411
-0.0607141 -0.730798
-0.0625375 -0.289382
0.0749575 0.00363806
-0.0704526 0.305343
-0.0747406 -0.257027
-0.0622378 -0.725102
-0.0818976 -0.240069
0.0648609 0.0245066
-0.0113281 -0.700788
-0.0579409 0.317087
0.0820892 0.0338372
-0.066426 -0.723928
0.0869006 0.030859
0.0782088 0.0218023
-0.0924734 -0.268688
0.0861689 0.0256777
-0.0616251 -0.703644
-0.0230126 -0.668491
-0.0165042 0.335181
-0.00401279 -0.666288
0.0765437 0.0352027
-0.09526 -0.239177
-0.0559352 -0.723239
-0.0742924 -0.22995
0.0748001 0.0251219
-0.041558 -0.203108
0.0738019 0.0349369
0.00034359 -0.652492
-0.0233416 -0.215852
-0.0215058 0.349026
-0.126833 0.0155761
0.0511663 0.00705213
0.0492451 -0.000272898
-0.0225923 0.352375
0.0542876 0.0103258
-0.111331 0.013749
0.021387 -0.673663
0.0132189 -0.638807
0.0489144 0.0142074
-0.0429073 -0.184808
-0.0481732 -0.189826
-0.0338595 0.34963
0.0151201 -0.644014
-0.0764455 -0.189463
0.0199294 -0.621683
0.00493494 -0.678165
-0.0662705 -0.208778
-0.094113 -0.198761
-0.0610555 -0.189252
-0.12137 0.0541122
0.0108956 -0.616066
0.0608181 0.0463552
0.0223302 -0.610119
-0.0665606 -0.191433
-0.0836229 0.0167341
-0.0354017 -0.664926
-0.0612565 -0.176364
-0.0290861 0.372113
-0.0390073 0.355807
-0.0224139 -0.646162
-0.0484105 0.359416
-0.0936853 -0.173754
-0.0830728 -0.172892
0.10709 0.0989681
0.00262239 -0.629791
0.104104 0.0764479
0.0900569 0.0692756
-0.0531033 0.34021
0.0951155 0.0960204
0.0266189 -0.682155
-0.0576754 0.333827
0.00674952 -0.256476
-0.0986385 -0.213076
-0.0941987 -0.217894
0.106701 0.0488156
-0.00477992 -0.268035
-0.0103115 -0.616104
0.0930535 0.0532717
-0.0846225 -0.205154
0.0371958 -0.666828
-0.0997546 0.0563613
0.0132287 -0.627275
0.0438724 -0.643979
-0.0980751 -0.173979
0.108194 0.0643855
-0.0844672 -0.173058
-0.0224249 -0.240351
0.0218569 -0.663859
0.109257 0.0786907
-0.0679593 0.333625
0.0328429 -0.636019
0.0119795 -0.601409
0.00576604 -0.22878
-0.136414 0.0311725
0.00819602 -0.649221
-0.00792145 -0.243125
0.00183335 -0.620381
0.105433 0.0854793
-0.0987761 -0.170834
-0.00538956 -0.225249
-0.013924 -0.690345
-0.0124997 -0.636433
-0.0502025 0.362311
0.0937623 0.113756
-0.0239861 -0.219178
-0.0563736 0.36428
-0.133173 0.052218
-0.0114337 -0.600933
0.0914786 0.113502
0.0149554 -0.204915
0.0315396 -0.659467
0.101398 0.119
0.00802601 -0.209334
0.107792 0.128029
0.0279686 -0.638
0.0120299 -0.181162
0.0193023 -0.625422
-0.0327305 -0.687236
0.0446298 -0.618626
-0.0890002 -0.135202
0.102354 0.145456
0.0123937 -0.601032
-0.00714552 -0.193146
-0.113662 0.0930022
-0.0539215 0.356738
0.110053 0.0986718
0.109702 0.132002
-0.0560199 -0.669893
-0.0756459 -0.09994
-0.0595044 -0.672421
-0.0822914 -0.131782
-0.0222156 -0.628737
-0.0735113 0.144056
0.102072 0.127573
0.000271924 -0.163753
-0.0885804 0.16161
-0.0937678 0.081246
-0.0848378 0.170877
-0.0260466 -0.605145
-0.0900977 -0.115529
-0.10339 0.155077
-0.0207122 -0.194019
-0.0607646 -0.675038
-0.0584275 -0.67133
-0.0955802 0.183383
0.105756 0.142328
-0.0804926 0.18616
0.0955537 0.143881
-0.0359837 -0.271377
-0.0570794 -0.661006
0.0353296 -0.614969
-0.0999078 0.202316
-0.110392 0.0727059
0.0663562 0.0578606
-0.0369912 -0.709454
-0.111219 0.208728
-0.0882287 -0.138466
0.067156 0.0818833
-0.0631374 -0.256223
-0.0972419 0.226315
0.0772005 0.101658
-0.0411139 -0.700721
-0.0605978 -0.276211
-0.0828795 -0.140162
-0.121751 0.118484
-0.0408604 -0.67633
-0.117546 0.123487
-0.036373 -0.644284
0.0519065 0.0838212
-0.125035 0.108568
-0.0738937 -0.226076
-0.110004 0.116192
-0.102573 0.134609
-0.0509499 -0.685033
-0.0962575 0.24592
-0.0834193 -0.0967313
-0.0560833 -0.65586
-0.11654 0.136287
-0.112157 0.152176
-0.0269978 -0.68327
-0.059765 -0.223846
-0.117 0.22695
-0.0883419 -0.095793
0.0820588 0.0972536
-0.0473358 -0.630132
-0.109149 0.149286
0.0695648 0.117735
-0.112068 0.246077
-0.0375371 -0.675255
-0.0327679 -0.643771
-0.0783701 -0.0868026
-0.0377253 -0.591949
-0.0833234 -0.0871158
-0.0248675 -0.646807
0.0493675 0.0696786
-0.0900095 -0.0824103
0.0494146 0.0419053
-0.0989524 -0.0774602
-0.0977247 -0.0806434
-0.0898777 -0.0903758
0.0456647 0.0600006
0.045445 0.0847981
-0.0441577 -0.664564
-0.0369508 -0.211614
0.050299 0.0635194
-0.0878466 0.129193
-0.056998 -0.618895
-0.0416013 -0.195111
-0.0496772 -0.702235
-0.055551 -0.670252
-0.0479755 -0.68804
-0.0571719 -0.695221
-0.0690152 0.145583
-0.111782 0.149241
-0.0597937 -0.622592
-0.107272 0.18984
-0.062032 -0.698329
-0.0427874 -0.176786
-0.0355644 -0.168474
-0.0428266 -0.178795
0.0589015 0.0727023
-0.115352 0.167683
-0.0507936 -0.591511
-0.053593 -0.199041
-0.0493688 -0.665643
0.0470902 0.0874999
-0.0564911 -0.668197
-0.0611206 -0.592335
-0.0784473 -0.0923702
-0.0602892 -0.67238
0.0680338 0.120491
-0.136192 0.0719821
-0.051038 -0.169949
-0.0888447 -0.0770197
-0.0730383 -0.162944
-0.117968 0.209276
-0.0839783 -0.089024
-0.0482329 -0.633953
-0.0814201 -0.0711921
0.0525117 0.115585
-0.0465755 -0.628312
-0.134586 0.0902928
0.0222738 -0.145972
-0.0332745 -0.610328
-0.123728 0.0899451
0.0435432 0.119317
0.0162239 -0.107019
-0.0469458 -0.599236
-0.114107 0.162332
0.0113106 -0.140076
0.0433824 0.108652
-0.0574864 -0.615637
0.0430372 0.122431
-0.13377 0.104259
-0.00834214 -0.15006
-0.0261598 -0.141959
0.0366114 0.131739
0.0375937 0.142565
-0.00543487 -0.118528
-0.0518589 -0.599363
-0.107896 0.209193
-0.0450173 -0.62644
-0.0346461 -0.614044
0.0240257 -0.590949
0.0447022 0.15169
0.0373534 0.147227
0.0292731 -0.564908
0.078639 -0.0340039
-0.042656 -0.590168
0.0290312 -0.137706
0.0723859 -0.0279812
0.0271528 -0.593065
-0.117163 0.201394
-0.0609946 -0.641604
0.0822071 0.135274
0.0347225 -0.572076
0.0304295 0.163736
0.0253754 -0.145047
0.0275122 -0.553337
-0.0462334 -0.645556
-0.0564844 -0.63891
0.0465947 0.17273
0.0546836 -0.0505609
-0.123488 0.23307
0.0698839 0.156954
0.0304058 -0.121924
-0.0575022 -0.602421
-0.039567 0.157696
-0.12005 0.253813
0.0473016 0.110034
-0.0546677 0.176504
-0.0602066 -0.600535
-0.0580609 -0.605656
0.0566587 -0.011985
-0.121951 0.246031
-0.0501218 -0.603769
0.0262239 -0.586222
-0.116613 0.261597
0.0516677 0.132455
-0.059075 0.199975
0.0109428 -0.0729154
-0.0120066 -0.658251
0.00869336 -0.577791
0.0223533 -0.0823891
0.0533755 0.0379884
-0.117983 0.232565
0.0238822 -0.0592163
0.0358318 -0.555058
0.0984716 0.0720756
0.0160214 -0.627044
0.0760709 0.0226224
0.0188942 -0.611813
-0.0575804 0.234348
0.0257051 -0.553746
-0.00723874 -0.0992706
0.0367626 -0.601748
-0.0768375 0.254939
0.0887086 0.0843731
0.00287532 0.167995
-0.115887 0.246591
0.073693 0.0657395
0.0168676 0.184503
0.0601953 0.0144137
-0.00143609 -0.61089
-0.0110789 -0.568673
-0.019888 -0.619557
0.00757852 -0.554881
-0.00177611 0.176459
-0.0119057 0.161246
-0.0340444 -0.548358
-0.0199332 0.214822
0.102633 0.165772
0.028119 -0.520064
-0.0181722 -0.601776
0.108742 0.177202
-0.026129 0.191767
0.0341355 -0.602188
0.0897885 0.150483
0.0343299 -0.574375
0.0389165 0.157699
-0.099071 0.266653
0.0376384 0.179555
-0.0814736 0.298953
0.0199412 0.152693
0.0239792 0.180846
0.0257524 -0.500722
0.0954065 0.169447
0.101459 -0.0212385
0.0102361 -0.589028
0.0323399 0.176455
0.0141131 -0.497707
0.018915 -0.563371
0.0236425 0.170751
-0.0528461 -0.114577
0.0926019 -0.0425858
0.0346512 -0.543322
0.0943503 -0.0120085
0.108429 0.208567
-0.0149965 -0.519014
0.112656 0.221169
0.0308419 0.177616
-0.0011693 -0.549822
0.040585 0.200506
-0.0821322 -0.125566
0.0326207 0.204129
0.0949782 0.193515
-0.00551937 -0.49658
0.032243 0.199715
-0.053799 -0.13157
0.0256615 0.194931
-0.00472853 -0.578614
-0.0735008 0.326751
-0.0982257 0.288767
-0.0272395 -0.487051
-0.0274789 -0.578219
-0.0271256 -0.10978
0.0308491 0.217588
-0.0317464 -0.0881587
0.0236019 -0.533272
-0.0164406 -0.55522
-0.0840817 0.312185
0.0991093 0.21531
0.00597011 0.213173
0.000950479 -0.534565
0.110678 0.250437
0.0130603 0.240838
0.0311605 0.234607
0.0342467 -0.516858
0.100324 0.0323003
0.0177423 -0.522441
-0.0463957 -0.0554217
0.0206624 -0.516857
0.0914833 0.235739
0.0180968 -0.472726
-0.0501174 -0.0853259
0.0230921 0.254628
0.0216047 -0.489181
0.0424057 0.242711
0.0995045 0.260731
-0.0716606 -0.0819051
-0.0899863 0.297567
-0.00158284 -0.512714
-0.0682557 -0.0473132
-0.0155989 -0.51049
0.0030488 -0.48861
-0.014485 0.243049
0.0843079 0.152499
0.0811051 0.162816
0.0760095 0.154348
-0.0540623 0.348274
0.0215349 -0.1454
-0.0921751 0.286827
-0.0499987 -0.574326
0.0264146 0.220781
0.00602318 -0.14811
0.0871314 -0.0209443
0.0429389 0.199684
0.0359512 0.222686
-0.0380891 -0.563758
0.074286 0.173129
0.0287385 -0.133987
-0.0405913 -0.576911
0.0309223 0.225275
-0.0546015 -0.554283
0.0506695 0.159394
0.0139654 -0.138894
0.0435314 0.233903
0.0295491 0.24092
-0.0429803 -0.557324
0.0805166 0.20742
0.0642774 0.186027
-0.0315522 0.173478
-0.0616687 -0.566773
-0.0573488 -0.563754
-0.0570835 -0.566983
-0.0500808 -0.515573
0.0023706 -0.135249
-0.0493881 0.207016
-0.0628737 -0.558034
-0.0698322 0.337614
-0.0431503 -0.574598
0.014971 -0.116712
-0.0620248 -0.54038
-0.0334193 -0.578526
0.0929773 0.0508469
0.0410731 0.195578
-0.00864088 -0.14566
-0.0431024 -0.549022
-0.0341614 -0.577472
-0.0349506 -0.529784
0.026133 0.377443
-0.0493943 0.252756
-0.0608411 -0.585266
-0.0051614 -0.127995
0.0645169 0.0732499
0.0776756 0.0670141
-0.05654 -0.584265
0.0351642 0.389889
0.064115 0.216582
-0.0568095 -0.595753
0.0676275 0.23507
0.0215022 0.385711
-0.0236357 -0.12853
-0.0527606 -0.573448
0.0586444 0.102974
-0.0608002 -0.550748
0.0334593 0.402299
0.0456934 0.0720708
-0.057491 -0.56551
-0.0498107 -0.550207
0.0126014 0.411679
-0.0565834 -0.540136
-0.0536133 -0.546344
0.0285582 0.413906
-0.0170036 -0.118763
0.0902524 0.174892
-0.0198429 -0.158143
0.10273 0.176838
-0.0435876 -0.16268
0.0224231 0.367808
0.107841 0.163472
-0.00669338 0.365742
-0.0415028 -0.511768
0.0014839 0.348707
0.034497 0.106941
0.0259871 0.08458
-0.0389341 -0.150412
-0.0406053 -0.531458
0.107325 0.20315
0.108454 0.191596
-0.0442643 -0.166272
-0.0338899 -0.488352
0.0936383 0.195455
-0.0060878 0.391604
-0.0455301 0.296281
0.0673345 0.152299
-0.0240499 -0.131415
-0.0201963 -0.131075
-0.0168015 0.381964
0.0443577 0.115103
0.109974 0.21229
-0.0578502 -0.51034
0.00341104 0.405247
0.108066 0.187828
-0.0617169 -0.524117
0.0641239 0.123132
0.107161 0.207202
0.00366269 0.407568
-0.0621605 0.278985
0.00350938 0.418372
-0.053506 -0.489942
-0.0522484 -0.147218
0.0882106 0.215431
-0.0568781 0.318015
-0.0685799 0.292065
0.104653 0.232896
0.0376927 0.130521
0.0124112 0.419015
0.0959279 0.234239
-0.0489943 -0.145186
0.00937877 0.41741
0.053692 0.139187
-0.0665359 -0.517353
-0.0623442 -0.128979
-0.0433761 -0.511035
0.0533506 0.156162
-0.0558079 -0.494499
-0.00968613 0.39207
0.0282841 0.146964
-0.0336679 -0.501608
-0.0734208 -0.125302
0.000944597 0.405656
-0.0411662 -0.49237
-0.0615358 -0.108147
-0.0305376 0.366559
-0.0651507 -0.503317
-0.0628714 -0.465246
-0.0614408 -0.530956
0.0952135 0.0709599
-0.0755054 -0.107838
-0.0619788 -0.509243
-0.0751033 -0.0936055
0.108449 0.242067
-0.0519809 -0.524641
0.0909986 0.0793139
-0.00767674 0.409815
-0.0736784 0.298803
0.10971 0.252927
0.0219012 0.419592
0.10992 0.264635
-0.0294999 -0.512039
0.0106262 0.422847
-0.0636023 -0.493212
0.0310888 0.424178
0.0948962 0.0865363
0.100031 0.0893851
0.0878255 0.0976785
-0.0566958 -0.517664
-0.0428994 0.352049
-0.0506094 -0.492898
0.0948074 0.256959
-0.0906469 -0.245486
0.0352894 0.435129
-0.0576099 -0.491172
0.0818832 0.19334
0.0920468 0.116872
0.0963331 0.122794
0.0593605 0.210838
0.0901476 0.104758
0.0441314 0.455492
-0.0404598 0.321546
0.0402221 -0.5829
0.0452266 0.19877
0.0799376 0.154832
0.0751455 0.169619
0.0898853 0.14144
-0.0462664 -0.518535
-0.108354 -0.239644
0.0659652 0.147547
0.0178732 -0.570319
0.0912603 0.14147
0.0916389 0.146899
-0.114504 -0.249643
-0.0268957 0.375893
0.00310042 -0.547226
-0.0574871 -0.506651
0.0664432 0.189051
-0.00988982 -0.586323
0.0425978 0.167859
0.0819468 0.0773218
0.0440254 0.16562
-0.00487794 0.4189
0.0307883 0.263778
-0.113873 -0.205007
0.0767808 0.0956244
0.0291051 0.26978
-0.024859 -0.5325
0.00604342 0.267146
0.052021 0.182677
0.0118849 0.276029
0.0444387 -0.522824
0.0179201 0.443915
0.0204822 -0.518626
0.0314414 0.271183
0.0888615 0.0865542
0.0507981 0.206043
0.0872438 0.0760713
0.0224334 0.280297
0.0494808 0.195683
0.0448753 0.181667
-0.0795692 -0.191488
0.0423858 0.274268
-0.0632591 -0.110215
0.0441151 0.186811
-0.0907563 -0.215061
0.040722 -0.502537
0.00460432 0.438034
0.0202116 -0.493147
0.0481924 0.216938
0.0253597 0.291072
0.0366404 0.458356
-0.0547818 -0.0913349
0.047007 0.190194
-0.0623059 -0.107557
0.0305691 0.319691
0.0860528 0.0874269
-0.0728462 -0.119036
0.0437609 0.20034
0.0115473 0.291687
-0.0717726 -0.11585
0.0439398 0.206769
-0.0693242 -0.106016
-0.0616411 -0.100558
-0.0559322 -0.0948108
-0.0742725 -0.0909146
-0.00852642 -0.520029
0.0207552 0.464517
-0.104817 -0.189069
0.0800565 0.131469
-0.066016 -0.0792516
-0.0971988 -0.172084
0.0715599 0.214289
-0.0161462 -0.500417
0.0809008 0.235661
-0.0206583 0.274091
-0.0545182 -0.0756756
-0.106555 -0.207981
-0.0672901 -0.0796821
0.064174 0.220394
-0.119257 -0.189933
0.0846827 0.10134
-0.0117943 0.291825
0.0764534 0.251307
-0.0546132 -0.0760736
-0.0242891 -0.586775
-0.00325253 0.44197
-0.0552741 -0.0669096
-0.0203248 0.425874
0.0717647 0.258174
-0.0544003 -0.065625
0.0731521 0.150809
0.0621108 0.253132
-0.0676414 -0.0616163
0.0434903 0.285837
-0.116706 -0.195572
0.00824235 0.491726
-0.00976624 0.476244
0.0600546 0.240662
-0.115499 -0.190111
0.0860174 0.138563
-0.0105728 0.440907
0.0789686 0.145921
-0.0912296 -0.142814
-0.0971836 -0.153068
0.0575819 0.215431
0.00713311 0.319995
-0.0831478 -0.134217
0.0523904 0.203892
-0.107097 -0.173234
-0.0726216 -0.120781
0.0501463 0.210956
-0.011715 0.428656
-0.100249 -0.144514
-0.00893809 0.435607
-0.0857149 -0.136424
-0.0124101 0.446223
-0.091604 -0.122662
-0.112038 -0.175172
0.0172306 0.353709
0.0419932 0.244906
-0.103843 -0.154409
0.0403204 -0.483568
-0.114494 -0.157503
-0.097303 -0.146366
0.0567447 0.246053
-0.119173 -0.143217
-0.0115522 0.452548
-0.110929 -0.14109
0.0336465 -0.454236
0.0273595 0.354903
-0.124124 -0.154947
-0.124548 -0.166833
0.0509069 0.245585
0.0527177 0.261867
0.0348964 0.372867
0.00124516 -0.466568
0.0390221 0.247791
-0.0213589 0.478605
-0.103195 -0.118636
0.0173657 -0.447324
-0.0108532 0.45667
-0.108607 -0.112264
0.00671111 0.341359
0.0544946 0.25568
0.0507697 0.258467
-0.12167 -0.132857
-0.0746179 -0.253711
-0.0187303 0.332079
0.0426496 0.258537
0.0371831 -0.426275
-0.0984104 -0.250641
-0.088019 -0.132714
-0.0855359 -0.123941
-0.0411967 0.379771
0.0413324 0.27883
0.0780356 0.251739
-0.0984926 -0.122065
-0.0148158 -0.48715
-0.0449722 0.390976
-0.12911 -0.161794
0.0459876 0.220089
0.0383609 0.312703
-0.0853827 -0.224589
-0.0237109 0.395594
0.0439874 0.246043
-0.0204035 0.418878
-0.0945039 -0.227007
-0.0241122 0.292126
-0.0122087 -0.459993
-0.116705 -0.137977
0.0391627 0.324597
-0.0480299 0.279498
-0.100769 -0.119063
0.0357998 0.357273
-0.102785 -0.251066
-0.0312902 0.415846
-0.134627 -0.149127
0.0492326 0.225659
-0.116064 -0.11767
0.0390657 -0.445995
0.0499287 0.242669
0.0854736 0.230877
-0.106978 -0.217069
-0.124649 -0.121123
0.0312766 -0.439522
0.0649396 0.167244
0.0235408 -0.431043
-0.121042 -0.130648
0.0731001 0.204141
0.00431456 -0.426664
0.0557235 0.254005
-0.0783691 -0.114582
-0.0858545 -0.0904947
-0.107996 -0.103975
-0.0907553 -0.107408
0.0376489 0.158765
-0.107697 0.178944
-0.037221 0.393656
-0.103004 -0.0820683
0.111872 0.271104
0.0386038 0.205233
0.0324984 -0.395958
0.0517141 0.181551
0.056465 0.189423
-0.0938064 -0.200567
0.0229503 -0.38971
-0.0419457 0.392532
-0.107419 -0.1006
0.00206293 -0.391878
-0.101206 -0.0993854
-0.0346592 0.415167
-0.0946034 -0.179351
0.0951111 0.272076
-0.110926 -0.0909735
0.0387796 -0.399376
0.110282 0.291945
0.115894 0.302515
-0.0307734 0.4111
-0.111276 -0.0817494
-0.112628 -0.18696
0.0356449 -0.376133
-0.0439955 0.410242
-0.103503 -0.195566
-0.0820037 -0.106227
0.0464909 0.257376
0.00212266 -0.416716
0.106687 0.268033
0.109938 0.288418
-0.101044 -0.10946
-0.0239241 -0.424581
0.0990118 0.273989
-0.102147 0.206585
0.0899263 0.267238
-0.0831246 -0.0900155
0.0650037 0.210886
0.0955072 0.275245
-0.0924493 -0.0973004
0.0557204 0.224196
-0.0793074 -0.0684582
-0.015126 -0.38464
-0.0899026 0.175867
-0.109707 -0.176409
-0.0871713 -0.0644187
0.0723932 0.259439
-0.0951845 0.197807
0.113276 0.305149
-0.0766996 -0.194138
0.0389222 -0.39675
0.0884465 0.251959
-0.0900943 -0.0809355
0.0250255 -0.409989
-0.01699 0.431063
-0.0910305 -0.0644825
0.112866 0.302011
-0.0971608 -0.0650225
-0.085721 0.199864
-0.110458 -0.0952373
0.108698 0.293021
0.0182091 -0.389227
0.00868358 -0.402449
-0.022954 0.480297
0.0515319 0.23733
-0.112596 -0.0983167
0.036715 0.48676
-0.102799 -0.0968663
0.0976755 0.285912
0.0881958 0.284405
0.0261172 0.504685
-0.0321196 -0.460878
0.0940055 0.166255
0.0154607 0.510814
-0.0517199 -0.467651
0.0932598 0.178446
0.0913685 0.314487
-0.103207 -0.129428
0.109057 0.189916
0.113764 0.378179
0.105802 0.193801
-0.110749 -0.0747738
0.110079 0.35934
-0.116768 -0.0668995
-0.047251 -0.429774
0.0072808 0.529035
0.108506 0.318204
0.113561 0.327184
0.0997463 0.154023
0.000305391 0.519444
-0.113601 -0.0784592
-0.111214 0.244178
0.000774838 0.509434
-0.109882 -0.11646
0.0982371 0.335152
-0.113648 -0.154104
0.0940765 0.330357
0.102485 0.158236
-0.141957 -0.161721
-0.142004 -0.169504
0.0896046 0.336139
-0.14091 -0.154588
-0.0572731 -0.428748
-0.099547 0.260629
-0.0294813 -0.46554
-0.0224703 0.488054
0.111163 0.214102
0.0923045 0.374432
-0.0176591 0.498409
-0.134864 -0.159047
0.0883638 0.368233
-0.0428628 -0.467149
0.0923093 0.343517
-0.103155 0.233057
-0.144876 -0.169136
-0.0285161 0.511514
-0.150566 -0.166618
-0.0869129 0.230745
-0.152297 -0.170006
0.0829824 0.268643
-0.0169612 -0.445872
0.0705583 0.265271
-0.0313884 -0.434105
0.0281716 0.538523
0.0905788 0.215548
-0.111019 -0.140121
0.0348476 0.557669
-0.144911 -0.145446
-0.152178 -0.158687
-0.112213 -0.109142
0.009325 0.544262
0.062859 0.263032
-0.0425782 -0.43667
0.0924207 0.227312
-0.0580444 -0.464624
-0.144937 -0.154932
-0.143146 -0.140878
0.0450542 0.265995
0.0520037 0.261642
0.109115 0.265342
0.0263189 0.555048
-0.0908347 -0.0725753
0.107378 0.249766
0.0506759 0.268863
0.0419919 0.579042
0.02463 0.577133
-0.0498178 -0.47116
-0.139828 -0.128258
0.0042573 0.562581
-0.0998261 0.247676
0.0998068 0.230843
0.0785366 0.274824
-0.0537238 -0.444869
0.0975292 0.217098
-0.0572607 -0.467363
-0.059873 -0.433492
0.109588 0.24673
0.0603623 0.276424
-0.0198214 0.534176
0.0753386 0.295413
-0.0288486 -0.403759
0.087746 0.163371
0.0766684 0.170251
-0.0775671 0.300193
0.0600856 0.300398
-0.107555 -0.0880128
0.0275991 -0.478873
0.0470769 0.27183
-0.0298822 -0.381581
-0.041187 0.525547
0.0503546 0.281611
0.0150733 -0.462556
-0.0416442 -0.400565
0.0764711 0.184703
-0.0386917 -0.385049
0.0714848 0.190822
-0.0319933 0.492877
0.0328452 -0.459517
0.0677333 0.322903
0.0882405 0.204459
0.0450716 0.310104
-0.0300213 0.497495
0.010448 -0.446075
0.0206231 -0.442468
-0.105981 -0.0622168
-0.0466961 0.511682
-0.0698124 -0.399207
-0.0468129 0.503791
-0.0600848 -0.387111
-0.0502016 0.508182
0.00278701 -0.46753
-0.0855205 0.267995
0.0622214 0.335475
0.0697456 0.337265
0.0843325 0.336343
-0.0724877 0.527574
-0.0239844 -0.466068
0.0743598 0.336327
-0.0740445 0.521288
-0.096132 -0.14901
0.10884 0.267781
-0.00360415 -0.442562
0.10885 0.291476
-0.10667 -0.122702
-0.0756045 0.520339
0.0758241 0.365346
-0.0273568 -0.411198
0.070655 0.367471
0.0953308 0.285224
-0.025282 -0.443512
-0.109478 -0.110561
0.0966862 0.293692
0.0327013 -0.485167
0.080664 0.344985
0.0934093 0.302584
-0.0484086 -0.383691
0.0353195 -0.474498
0.112263 0.300069
-0.0304652 0.545
0.0701288 0.342946
-0.0482096 0.53685
-0.0663861 -0.417132
0.0282276 -0.465976
-0.06096 -0.419265
-0.0487485 0.563948
-0.0385813 0.586631
0.108187 0.314087
-0.0130358 0.381438
-0.0143031 0.40791
0.110494 0.342692
0.0294391 -0.429913
-0.0712676 -0.393368
0.0940459 0.321625
-0.0598522 -0.398083
-0.0862245 -0.131693
0.0991144 0.350966
0.0062835 0.383187
-0.0579144 0.573067
0.109441 0.164211
0.0201176 0.391986
0.0175266 -0.42186
0.0243757 0.405468
0.035148 -0.470265
0.0118107 -0.440536
0.112737 0.355185
0.108659 0.164713
0.10954 0.379433
0.100796 0.163662
0.0185103 0.428695
0.039655 0.4125
0.0435394 0.409143
-0.0652578 0.558168
0.0450883 0.429292
-0.0123533 -0.477741
0.0095438 -0.433368
0.0193246 -0.455343
-0.0724758 0.550084
-0.106409 -0.0847915
0.0685826 0.302787
0.0750919 0.300513
0.0232982 -0.404315
0.0961959 0.191501
0.0162432 -0.401364
0.0495784 0.277449
0.0551203 0.290361
-0.101167 -0.0879218
-0.0607254 0.589423
-0.0686614 0.575898
-0.108106 -0.0649328
0.0852024 0.161611
0.00203977 0.398122
-0.0663105 0.577307
-0.0186952 -0.464664
-0.00253604 -0.410683
0.0925856 0.228737
-0.0172938 -0.421136
-0.000981075 -0.4103
-0.0790191 0.532004
-0.110809 -0.0645826
0.0627341 0.311295
-0.0892963 -0.0998446
0.0282061 0.44577
-0.0789306 0.532966
0.0516676 0.298668
0.0067967 0.441595
-0.0657852 0.565903
-0.00722585 -0.386407
0.0683565 0.179704
-0.0844883 -0.0917683
0.0194377 0.453665
-0.0134584 -0.396893
0.0804762 0.191989
0.0271537 0.464469
0.056075 0.274659
-0.102638 -0.0805595
0.0305917 0.59211
0.0672609 0.205465
0.01467 0.492228
0.0224165 -0.401033
0.00448809 0.434058
-0.0300411 -0.480794
0.0412515 0.174083
0.00221488 0.592608
0.0288342 0.623183
-0.00491455 0.611379
-0.0192656 0.419774
0.00760243 0.429997
0.0406982 0.165129
-0.113415 -0.0564948
0.0839213 0.322847
0.030015 -0.362131
0.00177489 0.451964
0.0185021 -0.370439
-0.00481393 0.485399
-0.0208888 0.58045
0.0685913 0.340484
0.0124861 -0.369481
0.046928 0.188091
-0.0197599 0.60383
0.0683338 0.374656
0.0895914 0.363216
0.0172959 -0.373764
0.0660149 -0.60833
0.0656845 -0.608588
-0.00878432 0.648234
0.0578325 0.337143
0.015928 -0.337549
0.0459795 -0.631067
0.0304301 0.652833
0.0141753 0.647253
0.0343783 -0.347857
0.0542233 0.359073
0.0678229 0.247383
-0.0275314 0.398389
0.0249515 -0.32405
0.0539071 -0.62424
-0.0453975 -0.444148
-0.052348 -0.472874
0.0187202 0.67256
0.0528447 -0.607256
-0.00921355 -0.359416
0.00599417 0.681147
0.113495 0.286223
-0.0674104 -0.479019
0.055317 -0.571785
-0.00637899 -0.340466
-0.0613794 -0.450973
0.112933 0.262137
0.0574824 0.215864
0.0928538 0.392264
0.0417516 -0.388398
0.0613268 -0.54295
-0.0185747 0.665574
0.0191528 -0.371696
-0.0610343 -0.451803
0.030416 -0.354958
-0.0640886 -0.436622
-0.0319396 -0.48351
0.0659998 -0.582835
-0.00711373 0.691207
-0.048791 -0.47484
0.0654975 -0.574692
0.0300988 -0.330279
0.0402198 0.391582
-0.0204621 0.687024
0.0814236 -0.0507555
-0.0653723 -0.471659
0.0997364 0.402783
0.101078 0.416247
0.05107 0.405627
0.115143 0.434132
0.0587861 -0.599058
-0.0567692 -0.471582
-0.0450139 0.60456
0.0567283 -0.595677
0.0593201 -0.580409
-0.0281024 0.635719
0.0835393 0.427217
0.0502056 -0.581271
0.111083 0.449496
-0.0638143 -0.451312
0.030076 0.481362
0.103214 0.458364
0.0855418 0.440423
0.0166966 -0.305966
-0.0439316 0.622595
0.095671 0.464192
0.0324214 -0.31752
0.0304233 0.523381
-0.0614339 -0.440533
0.079049 0.397296
0.0846573 0.473501
0.0306211 -0.28147
-0.0464214 -0.436928
0.0479013 -0.547069
-0.0536601 -0.445976
0.0621667 -0.54606
0.00912855 0.52081
0.0551866 0.402543
0.0407715 0.521498
-0.0500287 0.598395
0.067794 0.413439
0.113357 0.43532
0.0601212 -0.530516
0.112451 0.425269
0.0479467 -0.535027
-0.0407746 -0.426793
0.0510849 0.386092
0.0081165 -0.269871
0.101128 0.446781
-0.000479923 -0.314748
-0.00652971 0.494549
-0.0257635 0.489538
0.0563252 -0.487812
-0.0281298 -0.394824
0.0497812 -0.503734
0.101127 0.431555
0.113109 0.411114
-0.0238178 -0.290671
-0.0721231 0.592275
-0.0459372 -0.39151
-0.0724688 0.602553
-0.00874888 -0.293294
-0.0507711 0.623423
-0.0269379 0.505194
-0.048726 0.611675
-0.0540691 -0.436835
-0.0139296 0.51832
-0.0537855 0.643919
-0.0706084 -0.399912
-0.0531419 0.622966
0.0391689 0.53782
-0.0522828 0.61907
0.0197236 0.533417
0.0545923 -0.52129
-0.0510643 0.627649
0.0380137 0.548984
0.0187409 0.555791
0.000180936 0.536255
0.0779691 0.462817
-0.0271877 0.649705
0.022309 -0.320906
0.0320349 -0.288125
0.0588448 -0.50868
0.0395796 0.573111
0.0629307 0.463354
-0.0324475 0.654434
0.0606938 0.479403
0.0456184 0.463035
0.0362437 -0.283592
-0.0480359 0.644497
0.00996647 0.575706
-0.0413226 0.663695
-0.0499383 -0.428515
0.0730903 0.44529
0.0552551 -0.494297
0.0367388 -0.277954
0.0614306 0.44662
0.0341024 0.422162
-0.0121221 0.544989
0.0613454 0.430177
0.0678657 0.428358
0.0498587 0.435502
-0.0582006 -0.40928
-0.0624295 -0.386747
0.0176824 -0.28101
-0.0319021 0.686567
-0.0129131 0.578215
-0.0304689 -0.365129
-0.00443254 -0.451114
0.110246 0.403096
-0.0491472 -0.372383
-0.0345223 0.682229
0.0509465 0.445663
0.110374 0.416018
-0.0354277 -0.313912
0.0543645 0.42534
-0.0229118 -0.443502
-0.0398238 -0.3491
0.0491723 -0.461089
-0.0373727 0.505607
-0.0480922 0.661928
0.0993113 0.438585
0.041705 -0.415709
0.0068555 -0.38877
-0.0217655 0.531506
-0.0406366 0.521456
-0.077954 -0.365946
-0.0499896 0.655644
-0.00437747 -0.416581
0.106341 0.386043
-0.0593865 0.52236
-0.0170926 -0.418508
-0.0715364 0.522177
0.103779 0.42015
0.0457701 -0.480085
-0.0622321 -0.328929
0.0467847 -0.469484
0.0991026 0.450354
0.0867871 0.458133
0.104522 0.407579
0.108342 0.445529
0.0256999 0.691615
0.091491 0.388851
0.0466752 0.695259
0.0471554 -0.456213
0.0840419 0.393711
0.026707 0.703629
0.0921138 0.419186
-0.0279649 0.541201
-0.0199259 -0.374001
-0.0454357 0.543108
0.00795445 0.698281
0.113755 0.434379
-0.00736593 -0.380207
-0.0194661 -0.393447
-0.042592 0.569158
-0.0481546 -0.355082
-0.0263376 0.595369
-0.00560716 0.703575
0.0991711 0.463381
0.0435058 0.704342
-0.0326804 -0.444385
-0.0694684 -0.362205
-0.0566863 0.555432
-0.0700053 0.532967
0.0949831 0.462147
0.0175293 0.705332
0.0102882 0.713677
0.0825374 0.481295
0.0449243 -0.417007
-0.0665145 -0.332783
0.0350933 0.712285
0.0721193 0.410301
0.0228808 0.7105
0.0745461 0.460525
-0.050836 0.575747
-0.035949 -0.412398
0.0591465 0.468618
-0.000668795 0.713771
0.0521173 0.370876
0.0540834 0.395368
-0.0125946 0.710409
0.0723748 0.472105
-0.0315126 -0.394021
-0.0217249 0.707425
-0.0390264 -0.288545
0.0501663 0.423748
-0.0414463 -0.267448
-0.0582175 -0.312087
-0.0139101 0.712752
-0.0541329 -0.389084
0.00466046 0.592284
-0.0482027 -0.374969
0.0365257 0.474503
-0.0754591 -0.278456
0.0825651 0.379997
-0.0134185 0.606718
0.0841769 0.474527
0.0105115 -0.366769
-0.0180707 0.707151
0.0351205 -0.230561
0.0157599 0.605344
0.0389388 -0.253881
-0.0789211 0.59143
0.0940995 0.516767
0.0438929 -0.226785
-0.0527754 -0.317781
-0.0202597 -0.368263
0.0307604 0.639969
0.04224 -0.244098
0.0795092 0.41923
0.100628 -0.0578912
0.00259127 -0.329498
0.0967893 0.540869
0.0883926 0.527494
0.0620639 0.418515
-0.0126464 -0.333974
0.000963899 0.635225
-0.0557467 -0.287893
-0.0679691 -0.30969
0.104119 0.560987
0.00508906 -0.380602
-0.0123039 0.631063
0.111466 0.561176
0.00153722 -0.361115
0.115869 0.606339
0.00786854 -0.317702
0.0378621 -0.219428
0.0984986 0.54453
0.0343927 -0.213252
0.048753 -0.185307
0.111891 0.556536
0.106365 -0.0165154
0.0156444 -0.353721
-0.0190832 0.665229
0.100159 0.573416
0.0981806 0.536242
0.0429975 -0.177579
-0.0135751 0.693065
0.108973 0.577338
-0.0239105 -0.334183
0.00738729 -0.323101
0.0398807 0.657037
0.104688 -0.0160843
0.0275074 0.670304
0.0116628 0.651456
0.014415 -0.296806
0.0535131 -0.190986
0.0399016 0.666507
0.0781282 0.490898
0.110799 0.567025
0.0641268 0.491885
0.0414225 0.687325
0.0921078 -0.0401349
0.0677744 0.490785
0.0112683 0.691422
0.0583734 0.490654
0.0454853 -0.207396
0.00109932 0.666556
-0.010562 -0.329601
0.0681695 0.499368
0.00345065 -0.325021
0.0747993 0.513517
0.0728895 0.475506
-0.0110961 0.648495
-0.0149472 -0.2932
0.0979761 -0.0100437
0.0878331 0.521743
0.0622699 0.512691
0.0557234 -0.18219
0.0562472 0.511678
0.103635 0.00550485
0.000616087 -0.305532
0.0468681 0.497954
-0.0360449 0.607734
-0.0378465 0.596952
0.0774412 0.48667
0.102552 0.011559
0.0062188 -0.30504
-0.0376874 0.618526
0.0819207 0.492373
-0.0292621 0.621496
-0.0389148 -0.289303
-0.0374568 0.636934
0.0929716 -0.0949577
0.084305 0.534648
0.0838129 0.506202
-0.055937 0.588895
0.071285 0.557749
-0.0454223 0.609024
0.00455965 -0.297986
0.0703661 0.537994
-0.0714903 0.595396
-0.0339378 -0.374872
0.0917226 -0.0773542
-0.049016 0.640386
-0.0328685 -0.35832
0.0602923 0.567724
0.0815351 0.54113
0.0741066 0.576982
0.0687947 0.529979
-0.0461958 -0.361074
-0.0264505 -0.330407
0.0663991 0.584386
-0.0373402 0.653155
0.0685119 -0.121116
0.0813982 0.576389
-0.0243905 0.640616
0.0650325 -0.127732
-0.0470807 -0.337016
0.0574672 -0.126637
0.0500003 0.555878
0.0720294 -0.121159
0.097012 0.0637209
0.0657009 0.578464
0.0468665 -0.155514
-0.0827187 -0.326246
0.0561236 0.575882
-0.080292 -0.373822
-0.0257747 0.697356
0.0793447 -0.0586617
-0.0807683 -0.354502
0.0418263 -0.126991
-0.0276324 0.673445
0.112502 0.586283
-0.0228391 0.688179
0.0531477 -0.136888
0.115359 0.625079
-0.0847795 -0.344209
-0.0787903 -0.340164
-0.0253949 -0.307523
0.0815104 0.000945244
0.084614 0.61266
-0.0493126 -0.326084
-0.0918153 -0.322508
0.110408 0.622676
0.0878852 0.627083
0.0970146 0.628088
0.0544378 0.630949
0.0785288 0.0453629
0.0743387 -0.127416
-0.042483 -0.288377
0.0291879 0.704984
-0.0802647 -0.297414
0.0678179 0.658222
0.109388 0.637609
0.0469031 0.64871
-0.0537864 -0.310923
0.104724 0.658734
0.0586479 -0.157459
0.109017 0.592911
0.052791 -0.0409336
0.0621795 -0.159701
0.0828485 0.599439
0.076861 0.650209
0.111698 0.667081
0.0635815 -0.0091125
-0.0895245 -0.306203
0.112586 0.677891
0.0663645 -0.136186
0.119199 0.593922
0.109446 0.608541
0.113388 0.63562
-0.0121699 0.703773
0.0979098 0.679159
0.0849138 0.695407
-0.0833006 -0.321394
-0.0818029 -0.304236
0.106347 0.622497
0.0836979 -0.109765
0.0336477 -0.0485087
0.0966649 0.645363
-0.00994495 0.700689
0.0879851 0.615594
0.0882151 -0.103213
0.107023 0.669186
0.00220336 -0.367786
0.115934 0.657674
-0.0171182 -0.365729
-0.0213196 -0.382341
-0.0195135 -0.375291
0.0764611 -0.107518
0.0687215 0.629685
0.00630261 -0.236527
0.112236 0.677553
0.028152 -0.252096
0.0998506 0.686036
-0.00514029 -0.326142
0.0484553 0.592092
0.0726855 -0.0920213
0.117928 0.665279
0.111401 0.684673
-0.0220175 -0.351696
0.0565709 0.0258445
-0.0115083 -0.261848
0.0650534 0.6862
-0.0153347 -0.314205
0.0802544 0.671953
-0.0231844 -0.243408
0.0627204 0.679207
0.103176 0.0601984
-0.0288187 -0.224043
-0.0064051 -0.297436
0.0509867 -0.144321
0.0486504 0.67253
0.0364622 -0.26495
-0.0155501 -0.275212
0.0375688 -0.239055
0.0277662 -0.190724
0.0212215 -0.228088
-0.0298087 -0.3772
0.0711842 0.666632
0.062863 -0.120146
0.0983061 0.0774855
0.0155425 -0.189243
0.0613676 0.656085
-0.0366115 -0.376765
-0.0403861 -0.364512
0.0915986 0.106284
-0.032134 -0.31535
-0.0487709 -0.33362
-0.0005865 -0.224007
-0.0309986 -0.205611
-0.0163499 -0.18363
0.0756943 0.70675
0.064393 0.705995
0.0556069 0.705642
0.0871907 0.0805837
-0.0265157 -0.235145
0.0967174 0.12885
-0.039387 -0.235892
-0.0418428 -0.219717
0.0894934 0.110597
-0.0613625 -0.269485
0.0494289 0.696808
-0.0523025 -0.243668
-0.0718058 -0.217641
-0.0491917 -0.207514
0.00270116 -0.0363045
0.0169306 -0.0181867
-0.0423889 -0.192737
0.0848451 0.111216
-0.0483431 -0.188993
0.0215033 -0.254814
0.0862679 0.134243
-0.00513779 -0.261353
0.019616 -0.234846
0.0254274 -0.215293
0.0738218 0.143998
0.0776962 0.585548
0.0611319 0.601227
0.0727211 0.671297
0.042278 0.686405
0.0759741 0.694232
0.0953917 0.692245
0.0929966 0.701087
0.0672352 0.699474
0.0591265 0.7059
0.0763558 0.705188
-0.056916 -0.0484019
-0.0536271 -0.0490452
-0.0508494 -0.0364788
-0.066916 -0.0467905
-0.0596075 -0.0290597
-0.0765662 -0.0472567
-0.0906929 -0.0376907
-0.077413 -0.0369683
-0.0913137 -0.0538079
-0.0979385 -0.0533939
-0.0835745 -0.0224291
-0.0946493 -0.029642
-0.104514 -0.0540906
-0.112087 -0.0562501
-0.103404 -0.034577
-0.113614 -0.0422603
-0.102737 -0.0308936
-0.0150534 0.0395505
-0.0692145 -0.0559895
-0.0586869 -0.0374689
-0.071012 -0.0402472
-0.0493543 -0.0240213
-0.0472863 -0.0238702
-0.0618697 -0.0202122
-0.0457324 -0.0134297
-0.0410222 -0.00816092
-0.0524724 -0.0135877
-0.0686311 -0.0271774
-0.06905 -0.0196653
-0.0277108 0.0177608
-0.0404321 0.00512117
-0.0351745 0.00569513
-0.0344092 0.00276437
-0.032301 0.0440987
-0.0541708 -0.00260622
-0.0721703 -0.0017038
-0.0676231 0.026519
-0.0525149 0.0504549
-0.021306 0.027551
-0.0200864 0.0275644
-0.0175651 0.0429021
-0.0412531 0.0262916
-0.0410985 0.0369807
-0.0632443 -0.00327367
-0.056865 0.00257921
-0.0487403 0.0113983
-0.0719275 -0.00355459
-0.0688601 -0.00583139
-0.0624418 0.00300452
-0.0689838 0.0121509
-0.0621579 0.00227418
-0.0712796 -0.0111989
-0.0728424 -0.00635368
-0.0636843 0.0186811
-0.0706439 0.0112766
-0.0647691 0.0145483
-0.0573417 0.0150552
-0.0609092 0.0213298
-0.0648131 0.037076
-0.0700824 0.0191989
-0.0690578 0.058485
-0.0497917 0.0241401
-0.0546638 0.0296679
-0.05857 0.0395126
-0.0466658 0.051056
-0.0653913 0.0333645
-0.0560024 0.0237067
-0.0523702 0.0370544
-0.0725192 0.0226738
-0.0585078 0.0364425
-0.0082649 0.051361
-0.00863278 0.061192
-0.00588668 0.0592202
-0.0129079 0.0654353
-0.00114775 0.0837778
-0.0184915 0.0946672
0.000766989 0.0894271
-0.00314856 0.0819438
-0.00844121 0.0924532
-0.00271357 0.120129
-0.00962771 0.124569
-0.0280889 0.116
-0.0156246 0.14269
-0.0177758 0.0546405
-0.0360724 0.0700262
-0.0446186 0.0854823
-0.0607588 0.0492182
-0.0584489 0.0582781
-0.0715448 0.0683105
-0.0630807 0.0817401
-0.0612353 0.100819
-0.0390977 0.117719
-0.0252391 0.139057
-0.0553596 0.105193
-0.00039721 0.107074
-0.0191011 0.0843781
0.0238779 0.149105
0.0114747 0.145864
0.00916695 0.135878
0.011886 0.135565
0.0170149 0.153306
0.0130731 0.145929
-0.000616913 0.124187
0.00550556 0.112002
0.00390231 0.126101
0.00818359 0.122413
-0.0074991 0.118291
-0.00223804 0.141601
0.00363504 0.137733
-0.00464392 0.151527
-0.0209055 0.144729
-0.0356089 0.0521631
-0.0298032 0.0675513
-0.0462322 0.0631403
-0.0395515 0.0728175
-0.0413182 0.0732793
-0.0427116 0.0607256
-0.0426637 0.0735178
-0.0423294 0.0828294
-0.0344698 0.0950949
-0.0439013 0.0919276
-0.058233 0.0500819
-0.0472716 0.0497407
-0.0479907 0.0463443
-0.0543441 0.0686662
-0.060564 0.0620378
-0.0565882 0.0496829
-0.0720501 0.0579031
-0.0676119 0.0751921
-0.0498372 0.0570978
-0.0489408 0.0717903
-0.0500543 0.0753775
-0.059652 0.0911988
-0.0484006 0.0830882
-0.0532525 0.0821621
-0.0494211 0.0947071
-0.0259199 0.116678
-0.0362854 0.113424
-0.0437653 0.103019
-0.0366284 0.137802
-0.0525457 0.125498
-0.0496076 0.110601
-0.0541028 0.114985
-0.0522215 0.147316
-0.0272429 0.123789
-0.0298771 0.116303
-0.0431423 0.116524
-0.0336652 0.113148
-0.0370431 0.112757
-0.036608 0.121715
-0.0206308 0.135683
-0.0316434 0.134791
-0.0290179 0.144909
-0.0437373 0.121579
-0.0401237 0.14549
-0.0503264 0.123941
-0.0507944 0.141148
-0.0787404 -0.0576511
-0.077383 -0.0423064
-0.0857058 -0.0387079
-0.0926825 -0.0385075
-0.100626 -0.0483073
-0.0886844 -0.0377223
-0.0877036 -0.0399414
-0.0974616 -0.0431318
-0.0822151 -0.0332094
-0.0985661 -0.0221922
-0.0908995 -0.00973973
-0.0768661 -0.0346779
-0.0833436 -0.0319631
-0.077047 -0.022469
-0.0831896 -0.0211195
-0.0959855 -0.0056212
-0.109812 -0.0606287
-0.113444 -0.0461881
-0.110875 -0.0395078
-0.115054 -0.0580033
-0.107936 -0.0394546
-0.0942796 -0.0260371
-0.0999559 -0.0183511
-0.0906562 -0.0391756
-0.0828336 -0.0296187
-0.07684 -0.0090878
-0.0786197 -0.0202704
-0.0835574 -0.0174896
-0.0928216 -0.00498656
-0.0809493 0.0164615
-0.0806963 0.0308607
-0.0752999 0.00805738
-0.0812575 -0.00138232
-0.091709 0.0106061
-0.0835291 0.0174426
-0.0774974 0.0487308
-0.0833162 0.0362058
-0.0786933 0.0451556
0.0355473 -0.0303355
0.0103495 -0.0251269
-0.012462 -0.052733
-0.0179727 -0.0296209
0.00974846 0.00218689
0.0279804 0.0172502
0.0322694 0.0408626
0.0101377 0.0325643
0.00342488 0.0128
-0.0183372 0.0119882
-0.0194827 0.0351079
-0.0265012 -0.0444921
-0.0483028 -0.036054
-0.0378746 -0.0215454
-0.0598348 -0.0309972
-0.0784599 -0.0270495
-0.0352584 0.00388887
-0.0305916 0.0186059
-0.0398926 0.0229219
-0.0677955 -0.00462598
-0.0632719 0.0254909
-0.0762759 0.043727
0.0132627 0.0485212
-0.0083704 0.0838656
-0.0132505 0.0525247
-0.00860095 0.10446
-0.0218877 0.100525
0.0124689 0.112965
-0.0248834 0.106293
0.0234436 0.13137
-0.00202108 0.126668
-0.01901 0.114307
-0.0226952 0.126626
-0.0156784 0.138112
0.000899905 0.141042
-0.0274994 0.0823985
-0.0465169 0.0457872
-0.0365431 0.0874579
-0.0610311 0.0708306
-0.0553931 0.0978261
-0.0768386 0.0917374
-0.0418074 0.127791
-0.0417798 0.137534
-0.0363689 0.110832
-0.049772 0.12128
-0.0635914 0.110906
-0.0781679 0.123312
-0.0543981 0.132259
-0.0945143 -0.0453334
-0.0856361 -0.0123343
-0.0979739 -0.0183327
-0.0996406 -0.0468445
-0.108733 -0.0278657
-0.0835817 0.00302833
-0.097206 0.00287544
-0.0999792 0.0373084
-0.104875 0.000898476
-0.112125 0.0222948
-0.12046 -0.0309197
-0.116639 -0.00572342
-0.125517 -0.0225166
-0.137332 0.052319
-0.131767 0.0174887
-0.140355 0.0467322
-0.0810519 0.0720541
-0.0876365 0.0666108
-0.0990072 0.0681146
-0.0955884 0.0806379
-0.0970243 0.0868758
-0.10565 0.106132
-0.0860883 0.103689
-0.0942179 0.11522
-0.0946746 0.134765
-0.121531 0.0628505
-0.131484 0.0801985
-0.115709 0.105417
-0.105683 0.121938
-0.104863 0.138375
-0.109793 0.133736
-0.112646 0.140601
-0.123598 0.118368
-0.130304 0.103366
-0.140096 0.0712519
-0.141633 0.065684
-0.135364 0.0900974
0.011309 0.155495
0.0170848 0.164744
0.0201373 0.166216
0.0107217 0.180844
0.0149467 0.194819
-0.00236309 0.178782
-0.00185657 0.204653
-0.0136345 0.178698
0.0278122 0.184418
0.023237 0.184433
0.0289044 0.186989
0.0157993 0.15986
0.00722348 0.163983
-0.0107555 0.153465
0.028442 0.229037
0.0172363 0.229139
0.00275492 0.230118
0.0352149 0.222006
0.0221255 0.263619
0.00974141 0.267102
0.0353294 0.251797
-0.0177519 0.248794
-0.0301329 0.16268
-0.0259755 0.183257
-0.0415542 0.171208
-0.0403693 0.17347
-0.0277923 0.185093
-0.0275675 0.208098
-0.0382358 0.197377
-0.035964 0.215199
-0.0365027 0.215725
-0.0237609 0.252777
0.0294735 0.297383
0.0133414 0.29916
-0.00181652 0.293102
-0.0120146 0.281867
-0.00184514 0.31206
0.0320922 0.325511
0.0282373 0.338494
0.02561 0.326924
0.0133383 0.32999
0.0120225 0.323458
0.0165011 0.336643
0.0073397 0.331201
0.0174882 0.319593
0.0314711 0.350523
0.00660966 0.312941
0.023837 0.356928
0.0167746 0.357661
0.115854 0.38283
0.119512 0.406156
0.119927 0.629806
0.119617 0.614313
0.118797 0.646477
0.113461 0.225125
0.114841 0.24503
0.116423 0.286118
0.118459 0.329608
0.11806 0.3448
0.119024 0.379644
0.120426 0.365614
0.118286 0.411561
0.115621 0.322589
0.117266 0.353272
